Date,Open,High,Low,Close,Volume,Adjusted Close
12/09/14,15.03,15.32,14.91,15.27,768000,15.27
12/08/14,15.5,15.5,14.99,15.05,1254500,15.05
12/05/14,15.92,15.99,15.63,15.77,644800,15.77
12/04/14,15.99,16.16,15.9,16.05,739700,16.05
12/03/14,16.27,16.44,16.06,16.24,586600,16.24
12/02/14,16.42,16.57,16.04,16.21,1179200,16.21
12/01/14,15.85,16.76,15.85,16.72,59000,16.72
11/28/14,16.77,16.82,16.15,16.21,1915300,16.21
11/26/14,17.91,18.05,17.83,17.88,596600,17.88
11/25/14,18.64,18.68,17.94,17.97,799100,17.97
11/24/14,18.59,18.79,18.39,18.47,358400,18.47
11/21/14,18.71,18.73,18.43,18.68,384300,18.68
11/20/14,18.3,18.5,18.2,18.43,246500,18.43
11/19/14,18.2,18.34,18.02,18.12,484900,18.12
11/18/14,18.28,18.31,18.07,18.09,330800,18.09
11/17/14,18.26,18.47,18.22,18.42,156700,18.42
11/14/14,18.22,18.59,18.14,18.49,494900,18.49
11/13/14,18.6,18.62,18.02,18.17,933000,18.17
11/01/14,18.82,19.04,18.71,18.75,255000,18.75
11/11/14,18.89,19.06,18.66,18.92,327600,18.92
11/10/14,19.45,19.45,18.83,18.86,433200,18.86
11/07/14,19.18,19.44,19.15,19.19,404600,19.19
11/06/14,18.98,19.14,18.84,19.07,463700,19.07
11/05/14,18.89,19.41,18.89,19.32,591600,19.32
11/04/14,18.85,18.88,18.57,18.85,1046700,18.85
11/03/14,19.68,19.84,19.11,19.16,577500,19.16
10/31/14,19.51,19.8,19.47,19.79,342400,19.79
10/30/14,19.99,20.04,19.8,19.87,249000,19.87
10/29/14,20.15,20.35,20.05,20.2,425000,20.2
10/28/14,19.86,19.98,19.74,19.93,444400,19.93
10/27/14,19.55,19.88,19.46,19.79,645100,19.79
10/24/14,19.9,19.96,19.69,19.96,368300,19.96
10/23/14,19.95,20.22,19.9,20.11,805700,20.11
10/22/14,20.38,20.39,19.66,19.71,751800,19.71
10/21/14,20.3,20.46,20.02,20.27,496100,20.27
10/20/14,20.08,20.21,19.81,20.15,754100,20.15
10/17/14,20.28,20.5,20.09,20.24,784400,20.24
10/16/14,19.6,20.67,19.49,20.11,804200,20.11
10/15/14,19.81,20.05,19.6,19.79,890700,19.79
10/14/14,20.7,20.7,19.79,19.93,660900,19.93
10/13/14,20.75,20.95,20.55,20.75,327600,20.75
10/10/14,20.88,21.08,20.58,20.89,366600,20.89
10/09/14,21.21,21.26,20.75,20.81,520300,20.81
10/08/14,21.53,21.53,21.24,21.44,443900,21.44
10/07/14,22.01,22.02,21.71,21.77,179000,21.77
10/06/14,22.01,22.26,21.75,22.2,292300,22.2
10/03/14,22.28,22.33,21.9,22.01,318100,22.01
10/02/14,22,22.44,21.91,22.42,504400,22.42
10/01/14,22.58,22.86,22.21,22.27,372000,22.27
09/30/14,23.18,23.2,22.31,22.44,289000,22.44
09/29/14,22.85,23.3,22.85,23.25,237800,23.25
09/26/14,22.8,23.09,22.76,23,161000,23
09/25/14,22.93,22.96,22.64,22.74,132800,22.74
09/24/14,22.53,22.94,22.38,22.88,301900,22.88
09/23/14,22.37,22.62,22.29,22.47,148900,22.47
09/22/14,22.44,22.47,22.19,22.29,180900,22.29
09/19/14,22.52,22.66,22.39,22.55,232000,22.55
09/18/14,23,23,22.57,22.59,185900,22.59
09/17/14,23.03,23.05,22.81,22.86,104800,22.86
09/16/14,22.73,23.16,22.72,23.05,230700,23.05
09/15/14,22.34,22.64,22.32,22.55,241700,22.55
09/12/14,22.59,22.73,22.38,22.44,123600,22.44
09/11/14,22.15,22.74,22.11,22.67,300600,22.67
09/10/14,22.47,22.48,22.19,22.34,343300,22.34
09/09/14,22.69,22.75,22.55,22.58,164400,22.58
09/08/14,22.39,22.66,22.36,22.66,304900,22.66
09/05/14,23.05,23.07,22.64,22.8,233200,22.8
09/04/14,23.13,23.23,22.98,23.1,159100,23.1
09/03/14,22.95,23.41,22.89,23.28,330300,23.28
09/02/14,23.1,23.16,22.59,22.71,540200,22.71
08/29/14,23.26,23.44,23.19,23.43,128300,23.43
08/28/14,23.03,23.11,22.92,23.11,173100,23.11
08/27/14,22.9,22.99,22.78,22.89,89700,22.89
08/26/14,22.95,23.01,22.76,22.9,231500,22.9
08/25/14,22.72,22.84,22.68,22.78,153800,22.78
08/22/14,22.73,22.87,22.64,22.84,290100,22.84
08/21/14,22.8,23.04,22.78,22.92,111100,22.92
08/20/14,22.74,22.8,22.64,22.78,239100,22.78
08/19/14,22.86,22.9,22.58,22.67,212400,22.67
08/18/14,22.91,22.97,22.79,22.91,220800,22.91
08/15/14,22.96,23.26,22.96,23.19,269200,23.19
08/14/14,23.44,23.46,22.91,22.94,150500,22.94
08/13/14,23.57,23.68,23.42,23.58,141400,23.58
08/12/14,23.53,23.65,23.44,23.56,145600,23.56
08/11/14,23.72,23.87,23.7,23.73,72900,23.73
08/08/14,23.68,23.7,23.53,23.64,95500,23.64
08/07/14,23.5,23.65,23.4,23.64,194500,23.64
08/06/14,23.68,23.76,23.41,23.48,136500,23.48
08/05/14,23.79,23.81,23.48,23.6,432400,23.6
08/04/14,23.69,23.95,23.69,23.9,85100,23.9
08/01/14,23.64,23.77,23.56,23.7,187600,23.7
07/31/14,24.16,24.2,23.76,23.79,314400,23.79
07/30/14,24.64,24.71,24.13,24.19,221600,24.19
07/29/14,24.45,24.59,24.39,24.51,170700,24.51
07/28/14,24.6,24.82,24.55,24.7,136900,24.7
07/25/14,24.61,24.92,24.56,24.78,171000,24.78
07/24/14,25.09,25.09,24.79,24.82,191000,24.82
07/23/14,24.99,25.15,24.96,25.06,172800,25.06
07/22/14,25,25.01,24.85,24.91,151000,24.91
07/21/14,24.85,25.05,24.79,25.03,153200,25.03
07/18/14,24.84,24.89,24.75,24.78,245600,24.78
07/17/14,24.82,24.9,24.6,24.88,399700,24.88
07/16/14,24.31,24.52,24.31,24.45,246000,24.45
07/15/14,24.13,24.22,23.97,24.17,209900,24.17
07/14/14,24.31,24.5,24.25,24.48,146700,24.48
07/11/14,24.66,24.71,24.3,24.36,123500,24.36
07/10/14,24.72,24.96,24.67,24.92,249700,24.92
07/09/14,24.9,24.91,24.71,24.73,107400,24.73
07/08/14,25.15,25.24,24.94,25.1,232000,25.1
07/07/14,25.16,25.17,24.98,25.05,198200,25.05
07/03/14,25.21,25.25,25.14,25.14,158100,25.14
07/02/14,25.4,25.59,25.24,25.26,245800,25.26
07/01/14,25.68,25.75,25.36,25.57,305600,25.57
06/30/14,25.63,25.67,25.41,25.57,189400,25.57
06/27/14,25.73,25.78,25.59,25.69,92600,25.69
06/26/14,25.74,25.74,25.49,25.64,143300,25.64
06/25/14,25.72,25.89,25.57,25.88,91800,25.88
06/24/14,25.73,25.82,25.66,25.72,143000,25.72
06/23/14,25.88,25.89,25.72,25.76,229000,25.76
06/20/14,25.84,25.96,25.82,25.91,115900,25.91
06/19/14,25.59,25.82,25.49,25.76,148500,25.76
06/18/14,25.75,25.78,25.57,25.66,210900,25.66
06/17/14,25.72,25.89,25.63,25.63,190100,25.63
06/16/14,25.78,25.83,25.74,25.78,204300,25.78
06/13/14,25.69,25.85,25.67,25.73,479600,25.73
06/12/14,25.5,25.72,25.45,25.72,353100,25.72
06/11/14,25.13,25.19,25.04,25.11,118600,25.11
06/10/14,25.16,25.25,24.98,25.15,210300,25.15
06/09/14,24.91,25.11,24.9,25.09,294200,25.09
06/06/14,24.71,24.71,24.56,24.66,71600,24.66
06/05/14,24.41,24.63,24.39,24.61,184900,24.61
06/04/14,24.85,24.9,24.58,24.58,1297800,24.58
06/03/14,24.61,24.7,24.55,24.7,146400,24.7
06/02/14,24.61,24.64,24.51,24.59,172700,24.59
05/30/14,24.7,24.75,24.58,24.71,108900,24.71
05/29/14,24.74,24.98,24.72,24.88,42000,24.88
05/28/14,24.93,24.93,24.64,24.7,71800,24.7
05/27/14,24.93,25.05,24.89,25.02,192300,25.02
05/23/14,25,25.13,24.98,25.07,203100,25.07
05/22/14,25.02,25.05,24.89,24.96,111000,24.96
05/21/14,24.79,25.07,24.77,24.94,186600,24.94
05/20/14,24.48,24.62,24.42,24.61,246300,24.61
05/19/14,24.54,24.62,24.49,24.52,258300,24.52
05/16/14,24.34,24.44,24.32,24.41,225500,24.41
05/15/14,24.37,24.37,24.22,24.28,58100,24.28
05/14/14,24.41,24.51,24.39,24.4,233400,24.4
05/13/14,24.17,24.33,24.08,24.33,91000,24.33
05/12/14,24.04,24.07,23.95,24.01,355700,24.01
05/09/14,24.06,24.12,23.79,23.86,57200,23.86
05/08/14,23.88,23.95,23.83,23.93,83100,23.93
05/07/14,23.95,24.09,23.81,24.02,166100,24.02
05/06/14,23.82,23.94,23.71,23.73,148200,23.73
05/05/14,23.78,23.79,23.6,23.68,78900,23.68
05/02/14,23.73,23.88,23.67,23.8,168800,23.8
05/01/14,23.62,23.82,23.58,23.71,940600,23.71
04/30/14,23.76,23.83,23.7,23.83,129000,23.83
04/29/14,24.37,24.42,24.1,24.11,522300,24.11
04/28/14,24.13,24.13,23.95,24.11,325600,24.11
04/25/14,24.01,24.09,23.98,24.01,221200,24.01
04/24/14,24.39,24.45,24.3,24.34,202100,24.34
04/23/14,24.33,24.37,24.19,24.24,250900,24.24
04/22/14,24.45,24.47,24.25,24.28,329700,24.28
04/21/14,24.71,24.83,24.7,24.76,223800,24.76
04/17/14,24.66,24.84,24.63,24.77,98800,24.77
04/16/14,24.84,24.86,24.48,24.64,261000,24.64
04/15/14,24.58,24.67,24.53,24.56,383600,24.56
04/14/14,24.54,24.7,24.52,24.56,291500,24.56
04/11/14,24.44,24.68,24.42,24.44,74000,24.44
04/10/14,24.47,24.53,24.4,24.45,54800,24.45
04/09/14,24.28,24.55,24.22,24.47,378500,24.47
04/08/14,23.91,24.29,23.84,24.22,377300,24.22
04/07/14,23.75,23.94,23.6,23.78,157600,23.78
04/04/14,23.95,24.03,23.87,23.89,294000,23.89
04/03/14,23.49,23.74,23.47,23.71,212500,23.71
04/02/14,23.47,23.57,23.36,23.48,649100,23.48
04/01/14,23.89,23.92,23.47,23.49,1706200,23.49
03/31/14,24.01,24.1,23.84,23.98,329100,23.98
03/28/14,24.1,24.18,23.98,24.02,209900,24.02
03/27/14,23.95,24.04,23.92,23.94,249300,23.94
03/26/14,23.57,23.73,23.48,23.67,389700,23.67
03/25/14,23.58,23.66,23.32,23.42,273600,23.42
03/24/14,23.67,23.67,23.42,23.44,361200,23.44
03/21/14,23.43,23.68,23.41,23.49,340000,23.49
03/20/14,23.31,23.47,23.15,23.31,135900,23.31
03/19/14,23.33,23.41,23.2,23.38,61000,23.38
03/18/14,23.06,23.35,23.04,23.3,173100,23.3
03/17/14,23.13,23.2,22.88,23,269800,23
03/14/14,23.23,23.36,23.14,23.29,49100,23.29
03/13/14,23.07,23.14,23,23.14,65400,23.14
03/12/14,23.1,23.28,22.94,23.12,299400,23.12
03/11/14,23.74,23.79,23.43,23.48,332200,23.48
03/10/14,23.74,23.96,23.74,23.79,345300,23.79
03/07/14,24.1,24.25,24.07,24.18,200000,24.18
03/06/14,23.72,24.05,23.58,24.02,582100,24.02
03/05/14,24.29,24.32,23.78,23.8,209800,23.8
03/04/14,24.46,24.48,24.3,24.36,183200,24.36
03/03/14,24.59,24.84,24.56,24.71,1037800,24.71
02/28/14,24.02,24.25,23.99,24.13,328800,24.13
02/27/14,24.04,24.15,23.98,24.07,108000,24.07
02/26/14,24.11,24.23,24.05,24.12,164000,24.12
02/25/14,23.94,24.04,23.79,24.01,117300,24.01
02/24/14,24.08,24.37,24.07,24.15,249700,24.15
02/21/14,24.14,24.19,23.94,24.09,359700,24.09
02/20/14,24.21,24.26,24.11,24.21,385900,24.21
02/19/14,24.09,24.33,24.04,24.23,476300,24.23
02/18/14,23.81,24.13,23.75,24.07,475500,24.07
02/14/14,23.39,23.56,23.31,23.51,135800,23.51
02/13/14,23.39,23.56,23.39,23.51,294700,23.51
02/12/14,23.64,23.72,23.42,23.46,283800,23.46
02/11/14,23.32,23.44,23.28,23.35,235100,23.35
02/10/14,23.37,23.5,23.31,23.36,117000,23.36
02/07/14,22.92,23.41,22.89,23.38,268400,23.38
02/06/14,23,23.03,22.75,22.84,213700,22.84
02/05/14,22.79,22.86,22.59,22.67,185200,22.67
02/04/14,22.67,22.79,22.63,22.7,220000,22.7
02/03/14,22.74,22.82,22.44,22.53,349500,22.53
01/31/14,22.74,22.97,22.72,22.74,287800,22.74
01/30/14,22.97,23.02,22.86,22.87,779000,22.87
01/29/14,22.5,22.81,22.48,22.72,338400,22.72
01/28/14,22.61,22.78,22.61,22.7,355700,22.7
01/27/14,22.57,22.62,22.19,22.33,3142400,22.33
01/24/14,22.77,22.78,22.46,22.62,716000,22.62
01/23/14,22.71,22.86,22.64,22.72,534000,22.72
01/22/14,22.38,22.64,22.36,22.64,407500,22.64
01/21/14,22.21,22.26,22.06,22.24,253300,22.24
01/17/14,22.14,22.14,21.95,21.99,236000,21.99
01/16/14,22.01,22.03,21.9,21.99,135600,21.99
01/15/14,21.72,22.14,21.72,22.07,431900,22.07
01/14/14,21.55,21.71,21.49,21.57,239800,21.57
01/13/14,21.53,21.57,21.36,21.41,401600,21.41
01/10/14,21.62,21.74,21.5,21.68,417800,21.68
01/09/14,21.67,21.67,21.3,21.6,424000,21.6
01/08/14,21.89,21.92,21.56,21.63,727100,21.63
01/07/14,21.85,22.02,21.83,21.95,332900,21.95
01/06/14,21.92,21.98,21.78,21.92,469300,21.92
01/03/14,22.26,22.27,21.92,22,296500,22
01/02/14,22.69,22.69,22.29,22.33,418800,22.33
12/31/13,23.08,23.16,23,23.12,176300,23.12
12/30/13,23.41,23.46,23.23,23.27,323800,23.27
12/27/13,23.5,23.63,23.47,23.48,410700,23.48
12/26/13,23.26,23.37,23.26,23.34,199800,23.34
12/24/13,23.22,23.28,23.22,23.28,79900,23.28
12/23/13,23.18,23.25,23.12,23.17,204300,23.17
12/20/13,23.19,23.3,23.09,23.24,339800,23.24
12/19/13,23.09,23.33,23.06,23.12,426300,23.12
12/18/13,22.93,23.02,22.82,22.93,200400,22.93
12/17/13,22.91,22.99,22.77,22.79,266600,22.79
12/16/13,22.82,22.94,22.82,22.85,260300,22.85
12/13/13,22.71,22.78,22.6,22.66,305700,22.66
12/12/13,22.99,23,22.87,22.89,312400,22.89
12/11/13,23.03,23.09,22.83,22.87,373000,22.87
12/10/13,23.11,23.15,22.95,23.13,248100,23.13
12/09/13,22.97,22.97,22.84,22.86,281700,22.86
12/06/13,22.84,22.96,22.81,22.95,201300,22.95
12/05/13,22.86,23.01,22.85,22.85,324100,22.85
12/04/13,22.73,22.9,22.6,22.82,468000,22.82
12/03/13,22.06,22.56,22.05,22.56,389000,22.56
12/02/13,21.82,22.03,21.79,21.97,261800,21.97
11/29/13,21.72,21.98,21.71,21.82,144700,21.82
11/27/13,21.62,21.66,21.46,21.61,587700,21.61
11/26/13,22.03,22.07,21.9,21.96,248200,21.96
11/25/13,21.95,22.12,21.92,22.07,1449700,22.07
11/22/13,22.28,22.34,22.04,22.21,353600,22.21
11/21/13,22.16,22.42,22.06,22.32,373600,22.32
11/20/13,22.04,22.12,21.85,21.93,292700,21.93
11/19/13,21.96,22.06,21.84,22.02,346700,22.02
11/18/13,22.12,22.24,21.88,21.92,300600,21.92
11/15/13,22.23,22.25,22.09,22.11,584900,22.11
11/14/13,21.98,22.28,21.83,22.16,511600,22.16
11/13/13,22.09,22.29,22.05,22.14,385100,22.14
11/12/13,22.3,22.43,21.87,21.94,531500,21.94
11/11/13,22.24,22.47,22.23,22.41,329000,22.41
11/08/13,22.28,22.36,22.14,22.23,192800,22.23
11/07/13,22.25,22.28,22.11,22.2,273800,22.2
11/06/13,22.13,22.49,22.13,22.35,604400,22.35
11/05/13,22.15,22.2,21.91,21.98,312800,21.98
11/04/13,22.25,22.4,22.24,22.26,288800,22.26
11/01/13,22.53,22.53,22.23,22.3,1525900,22.3
10/31/13,22.77,22.9,22.67,22.71,461000,22.71
10/30/13,22.99,23.01,22.81,22.82,492300,22.82
10/29/13,23.22,23.28,23.15,23.22,167500,23.22
10/28/13,23.14,23.36,23.08,23.33,359800,23.33
10/25/13,22.96,23.17,22.95,23.17,165600,23.17
10/24/13,22.69,22.96,22.64,22.93,325300,22.93
10/23/13,22.76,23.01,22.71,22.88,435000,22.88
10/22/13,23.62,23.74,23.21,23.24,430100,23.24
10/21/13,23.79,23.84,23.54,23.59,280000,23.59
10/18/13,24.03,24.05,23.88,23.97,218300,23.97
10/17/13,24,24.04,23.74,23.91,640700,23.91
10/16/13,24.07,24.47,24.04,24.3,349100,24.3
10/15/13,24.09,24.25,23.95,23.95,356000,23.95
10/14/13,24.1,24.34,24.03,24.26,830400,24.26
10/11/13,23.96,24.22,23.96,24.17,1589400,24.17
10/10/13,24.06,24.55,24.04,24.41,233300,24.41
10/09/13,24.27,24.3,23.96,24.02,345100,24.02
10/08/13,24.61,24.69,24.52,24.56,136800,24.56
10/07/13,24.22,24.61,24.15,24.46,174100,24.46
10/04/13,24.67,24.72,24.52,24.56,158200,24.56
10/03/13,24.77,24.77,24.41,24.45,219100,24.45
10/02/13,24.16,24.73,24.08,24.65,321800,24.65
10/01/13,24.06,24.23,23.95,24.15,981300,24.15
09/30/13,23.98,24.33,23.93,24.23,337500,24.23
09/27/13,24.37,24.6,24.29,24.33,165100,24.33
09/26/13,24.36,24.45,24.27,24.41,144900,24.41
09/25/13,24.54,24.58,24.23,24.27,291600,24.27
09/24/13,24.36,24.54,24.24,24.5,455100,24.5
09/23/13,24.56,24.64,24.45,24.52,424900,24.52
09/20/13,25,25.15,24.81,24.87,495200,24.87
09/19/13,25.45,25.47,25.06,25.1,464000,25.1
09/18/13,24.97,25.6,24.92,25.51,587800,25.51
09/17/13,25.03,25.05,24.78,24.86,1181100,24.86
09/16/13,25.23,25.39,25.11,25.11,1621200,25.11
09/13/13,25.39,25.68,25.31,25.66,350800,25.66
09/12/13,25.52,25.77,25.49,25.66,414000,25.66
09/11/13,25.43,25.51,25.22,25.44,360400,25.44
09/10/13,25.23,25.39,25.11,25.34,790000,25.34
09/09/13,25.98,26.06,25.71,25.74,530600,25.74
09/06/13,25.86,26.17,25.83,26.08,388100,26.08
09/05/13,25.47,25.62,25.32,25.54,298100,25.54
09/04/13,25.32,25.47,25.19,25.33,246000,25.33
09/03/13,25.32,25.69,25.29,25.64,1297200,25.64
08/30/13,25.58,25.74,25.29,25.47,675300,25.47
08/29/13,25.93,26.08,25.5,25.58,1747000,25.58
08/28/13,25.98,26.16,25.85,25.92,1770500,25.92
08/27/13,25.73,25.87,25.65,25.77,1232500,25.77
08/26/13,25.06,25.13,24.92,25.11,385400,25.11
08/23/13,24.72,25.26,24.59,25.07,467200,25.07
08/22/13,24.52,24.83,24.48,24.81,195600,24.81
08/21/13,24.76,24.79,24.42,24.51,429500,24.51
08/20/13,24.92,25.28,24.71,24.8,336000,24.8
08/19/13,25.24,25.4,25.19,25.24,1151600,25.24
08/16/13,25.36,25.51,25.13,25.39,459900,25.39
08/15/13,25.34,25.4,25.11,25.32,212700,25.32
08/14/13,25,25.23,24.89,25.2,1050800,25.2
08/13/13,24.91,25.15,24.82,25.05,253300,25.05
08/12/13,24.7,24.96,24.63,24.96,329900,24.96
08/09/13,24.47,24.91,24.46,24.86,607400,24.86
08/08/13,24.26,24.33,23.96,24.31,350200,24.31
08/07/13,24.63,24.76,24.42,24.42,341300,24.42
08/06/13,25,25,24.62,24.74,233900,24.74
08/05/13,24.9,25.18,24.88,25.03,201900,25.03
08/02/13,25.22,25.24,25.05,25.13,373800,25.13
08/01/13,25.18,25.44,25.14,25.37,2294200,25.37
07/31/13,24.19,24.69,24.11,24.63,483500,24.63
07/30/13,24.33,24.34,24.07,24.17,330400,24.17
07/29/13,24.62,24.68,24.43,24.49,251600,24.49
07/26/13,24.68,24.68,24.39,24.58,233400,24.58
07/25/13,24.72,24.86,24.42,24.82,393200,24.82
07/24/13,25.04,25.15,24.62,24.71,515200,24.71
07/23/13,24.88,25.27,24.88,25.19,1056400,25.19
07/22/13,25.3,25.36,24.98,25.02,401400,25.02
07/19/13,25.5,25.51,25.08,25.41,400500,25.41
07/18/13,25.06,25.41,25.05,25.33,374100,25.33
07/17/13,24.82,24.99,24.75,24.96,377400,24.96
07/16/13,24.97,24.98,24.74,24.76,506300,24.76
07/15/13,24.65,24.95,24.64,24.91,807900,24.91
07/12/13,24.61,24.84,24.49,24.8,1927500,24.8
07/11/13,24.62,24.63,24.3,24.43,1240000,24.43
07/10/13,24.54,24.83,24.44,24.69,1084000,24.69
07/09/13,23.93,24.25,23.91,24.21,516800,24.21
07/08/13,23.86,24.13,23.81,23.94,617300,23.94
07/05/13,23.49,24.07,23.49,24.06,1054500,24.06
07/03/13,23.6,23.78,23.38,23.55,785200,23.55
07/02/13,22.88,23.2,22.87,23.09,807900,23.09
07/01/13,22.68,22.81,22.58,22.73,511800,22.73
06/28/13,22.55,22.65,22.33,22.35,349000,22.35
06/27/13,22.24,22.58,22.21,22.49,221900,22.49
06/26/13,22.11,22.16,21.68,22.11,301200,22.11
06/25/13,22.19,22.22,21.94,22.05,218200,22.05
06/24/13,21.56,22.16,21.54,22.01,678600,22.01
06/21/13,21.97,22.03,21.54,21.74,580800,21.74
06/20/13,22.24,22.26,21.92,22,457900,22
06/19/13,22.92,22.99,22.7,22.8,342500,22.8
06/18/13,22.86,22.96,22.75,22.92,218300,22.92
06/17/13,22.86,22.91,22.67,22.78,570400,22.78
06/14/13,22.73,22.84,22.72,22.77,779600,22.77
06/13/13,22.17,22.54,22.17,22.46,288400,22.46
06/12/13,22.32,22.43,22.19,22.27,430300,22.27
06/11/13,21.92,22.18,21.9,22.11,191300,22.11
06/10/13,22.26,22.3,22.12,22.26,202800,22.26
06/07/13,21.83,22.41,21.77,22.36,404300,22.36
06/06/13,21.93,22.14,21.9,21.97,427500,21.97
06/05/13,21.8,21.94,21.71,21.74,545200,21.74
06/04/13,21.53,21.92,21.42,21.68,502400,21.68
06/03/13,21.5,21.74,21.39,21.64,473700,21.64
05/31/13,21.47,21.62,21.22,21.27,526400,21.27
05/30/13,21.34,21.82,21.27,21.72,602100,21.72
05/29/13,22.03,22.11,21.54,21.62,611800,21.62
05/28/13,22.25,22.28,22.05,22.09,308100,22.09
05/24/13,21.67,21.89,21.61,21.8,340000,21.8
05/23/13,21.48,21.93,21.38,21.92,604500,21.92
05/22/13,22.11,22.31,21.83,21.88,659400,21.88
05/21/13,22.49,22.56,22.26,22.33,522700,22.33
05/20/13,22.3,22.66,22.26,22.54,520600,22.54
05/17/13,22.41,22.45,22.16,22.38,385400,22.38
05/16/13,22.01,22.28,21.93,22.16,751800,22.16
05/15/13,21.6,21.99,21.44,21.98,549000,21.98
05/14/13,22.08,22.2,21.87,21.92,373700,21.92
05/13/13,22.2,22.3,22.02,22.13,509700,22.13
05/10/13,21.96,22.44,21.74,22.37,824100,22.37
05/09/13,22.4,22.5,22.24,22.35,533900,22.35
05/08/13,22.38,22.58,22.33,22.51,377700,22.51
05/07/13,22.34,22.46,22.13,22.25,476400,22.25
05/06/13,22.22,22.45,22.11,22.34,477200,22.34
05/03/13,22.15,22.4,22.12,22.26,1277800,22.26
05/02/13,21.25,21.95,21.23,21.9,767300,21.9
05/01/13,21.12,21.23,20.93,21.11,1902900,21.11
04/30/13,21.98,21.99,21.63,21.67,716500,21.67
04/29/13,21.78,22.07,21.7,21.97,637400,21.97
04/26/13,21.71,21.75,21.42,21.62,714000,21.62
04/25/13,21.28,21.88,21.24,21.75,1092200,21.75
04/24/13,20.91,21.34,20.89,21.31,594800,21.31
04/23/13,20.55,20.81,20.49,20.81,622700,20.81
04/22/13,20.62,20.82,20.39,20.76,475000,20.76
04/19/13,20.5,20.6,20.41,20.49,492100,20.49
04/18/13,20.33,20.63,20.11,20.62,520000,20.62
04/17/13,20.48,20.51,20.06,20.21,721900,20.21
04/16/13,20.63,20.76,20.44,20.73,460200,20.73
04/15/13,20.86,20.9,20.51,20.54,992900,20.54
04/12/13,21.4,21.48,21.11,21.29,686200,21.29
04/11/13,22.06,22.11,21.78,21.88,256800,21.88
04/10/13,21.95,22.21,21.9,22.15,217500,22.15
04/09/13,21.82,22.14,21.75,22.03,475800,22.03
04/08/13,21.81,21.93,21.65,21.92,297300,21.92
04/05/13,21.63,21.8,21.53,21.78,382500,21.78
04/04/13,21.77,22.02,21.57,21.86,863100,21.86
04/03/13,22.77,22.77,22.1,22.14,801200,22.14
04/02/13,22.52,22.91,22.52,22.76,1460800,22.76
04/01/13,22.54,22.76,22.47,22.71,372800,22.71
03/28/13,22.66,22.82,22.61,22.77,373200,22.77
03/27/13,22.43,22.69,22.39,22.61,489200,22.61
03/26/13,22.4,22.6,22.31,22.56,386300,22.56
03/25/13,22.14,22.39,22,22.12,593800,22.12
03/22/13,21.75,21.96,21.62,21.95,268500,21.95
03/21/13,21.69,21.83,21.46,21.58,305500,21.58
03/20/13,21.83,21.89,21.62,21.85,407100,21.85
03/19/13,22.02,22.05,21.59,21.61,554700,21.61
03/18/13,21.57,22.05,21.55,21.98,484000,21.98
03/15/13,21.95,22,21.83,21.95,230000,21.95
03/14/13,21.73,21.87,21.71,21.83,267400,21.83
03/13/13,21.89,21.93,21.57,21.68,543600,21.68
03/12/13,21.84,21.96,21.7,21.73,343500,21.73
03/11/13,21.44,21.64,21.34,21.56,256200,21.56
03/08/13,21.44,21.6,21.35,21.57,414800,21.57
03/07/13,21.35,21.53,21.33,21.49,438400,21.49
03/06/13,21.23,21.24,21,21.21,502300,21.21
03/05/13,21.22,21.35,21.12,21.32,318900,21.32
03/04/13,21.25,21.25,20.94,21.11,542800,21.11
03/01/13,21.29,21.37,21.12,21.35,509700,21.35
02/28/13,21.8,21.86,21.5,21.57,383500,21.57
02/27/13,21.69,21.94,21.69,21.84,441400,21.84
02/26/13,21.86,21.95,21.66,21.75,469600,21.75
02/25/13,22.02,22.04,21.65,21.7,599200,21.7
02/22/13,21.84,21.98,21.75,21.98,350500,21.98
02/21/13,21.88,22.02,21.78,21.83,505200,21.83
02/20/13,22.94,22.95,22.18,22.35,1385700,22.35
02/19/13,22.68,22.91,22.63,22.91,326600,22.91
02/15/13,22.72,22.76,22.57,22.73,405500,22.73
02/14/13,23.1,23.19,23.04,23.12,185600,23.12
02/13/13,23.22,23.27,22.92,23.07,289100,23.07
02/12/13,23.11,23.19,23.07,23.13,221200,23.13
02/11/13,22.62,23.03,22.54,23.02,321600,23.02
02/08/13,22.85,22.9,22.58,22.7,196600,22.7
02/07/13,23.01,23.04,22.66,22.73,219500,22.73
02/06/13,22.64,23.01,22.61,22.97,380800,22.97
02/05/13,22.97,23.03,22.91,22.95,361500,22.95
02/04/13,22.86,22.98,22.75,22.78,342100,22.78
02/01/13,22.96,23.3,22.9,23.18,360300,23.18
01/31/13,23.05,23.17,23.01,23.13,428700,23.13
01/30/13,23.23,23.3,23.12,23.29,591700,23.29
01/29/13,23.05,23.22,22.99,23.12,380800,23.12
01/28/13,22.91,22.92,22.64,22.88,269200,22.88
01/25/13,22.83,22.88,22.63,22.78,184000,22.78
01/24/13,22.78,22.93,22.72,22.77,303400,22.77
01/23/13,22.89,22.96,22.5,22.66,475200,22.66
01/22/13,22.8,22.99,22.76,22.92,312100,22.92
01/18/13,22.72,22.79,22.61,22.77,220500,22.77
01/17/13,22.71,22.88,22.65,22.71,643700,22.71
01/16/13,22.26,22.47,22.22,22.41,405000,22.41
01/15/13,22.4,22.4,22.18,22.24,236800,22.24
01/14/13,22.33,22.44,22.1,22.43,260100,22.43
01/11/13,22.15,22.31,22.03,22.28,297400,22.28
01/10/13,22.44,22.45,22.28,22.36,464600,22.36
01/09/13,22.19,22.28,22.04,22.14,409200,22.14
01/08/13,22.26,22.27,22.04,22.21,408400,22.21
01/07/13,22.04,22.21,22.04,22.18,230500,22.18
01/04/13,22.02,22.16,21.93,22.15,296500,22.15
01/03/13,22.12,22.19,22.03,22.05,343100,22.05
01/02/13,22.26,22.29,22.02,22.11,675900,22.11
12/31/12,21.46,21.86,21.46,21.79,743300,21.79
12/28/12,21.65,21.71,21.46,21.58,429200,21.58
12/27/12,21.66,21.69,21.37,21.67,512000,21.67
12/26/12,21.55,21.7,21.5,21.64,606900,21.64
12/24/12,20.96,21.01,20.92,21,378000,21
12/21/12,20.96,21.1,20.87,21.1,452400,21.1
12/20/12,21.31,21.52,21.25,21.37,345400,21.37
12/19/12,21.06,21.48,21.02,21.34,757300,21.34
12/18/12,20.95,21.06,20.84,21,371300,21
12/17/12,20.76,20.96,20.76,20.9,768300,20.9
12/14/12,20.61,20.75,20.56,20.75,147200,20.75
12/13/12,20.6,20.77,20.5,20.59,195600,20.59
12/12/12,20.79,20.96,20.56,20.72,520300,20.72
12/11/12,20.46,20.52,20.35,20.51,272200,20.51
12/10/12,20.67,20.69,20.38,20.44,564300,20.44
12/07/12,20.65,20.71,20.51,20.56,370700,20.56
12/06/12,20.69,20.75,20.48,20.66,774900,20.66
12/05/12,21.12,21.18,20.91,21,428400,21
12/04/12,21.02,21.25,20.98,21.13,288700,21.13
12/03/12,21.6,21.65,21.24,21.29,495200,21.29
11/30/12,21.14,21.31,21.11,21.27,273700,21.27
11/29/12,21.13,21.23,20.96,21.01,473100,21.01
11/28/12,20.44,20.75,20.4,20.75,528000,20.75
11/27/12,20.94,21.02,20.77,20.86,210300,20.86
11/26/12,20.91,21.03,20.87,20.99,304800,20.99
11/23/12,20.92,21.17,20.92,21.1,142000,21.1
11/21/12,20.88,20.98,20.66,20.95,463100,20.95
11/20/12,21.17,21.25,20.58,20.81,1148600,20.81
11/19/12,21.25,21.52,21.23,21.36,755800,21.36
11/16/12,20.76,20.9,20.64,20.81,517700,20.81
11/15/12,20.81,20.86,20.35,20.56,634900,20.56
11/14/12,20.54,20.82,20.46,20.7,514600,20.7
11/13/12,20.42,20.67,20.38,20.5,406900,20.5
11/12/12,20.7,20.82,20.5,20.59,367200,20.59
11/09/12,20.42,20.88,20.38,20.7,592000,20.7
11/08/12,20.37,20.56,20.25,20.4,446700,20.4
11/07/12,20.88,20.92,20.2,20.36,1283800,20.36
11/06/12,20.85,21.49,20.73,21.27,651700,21.27
11/05/12,20.46,20.66,20.39,20.62,231300,20.62
11/02/12,20.84,20.84,20.35,20.44,588800,20.44
11/01/12,20.76,21.05,20.73,20.91,286900,20.91
10/31/12,20.76,20.98,20.67,20.75,322100,20.75
10/26/12,20.64,20.79,20.59,20.74,240800,20.74
10/25/12,20.83,20.84,20.51,20.75,519500,20.75
10/24/12,20.79,20.84,20.42,20.63,897500,20.63
10/23/12,20.97,20.97,20.61,20.83,996900,20.83
10/22/12,21.77,21.84,21.34,21.47,624900,21.47
10/19/12,22.54,22.58,21.76,21.8,630400,21.8
10/18/12,22.06,22.45,22,22.31,286400,22.31
10/17/12,22.43,22.53,22.23,22.33,253000,22.33
10/16/12,22.2,22.36,22.19,22.34,322800,22.34
10/15/12,21.94,22.3,21.76,22.24,383300,22.24
10/12/12,22.35,22.47,22.11,22.25,344400,22.25
10/11/12,22.45,22.55,22.21,22.43,437400,22.43
10/10/12,22.44,22.73,22.07,22.16,491100,22.16
10/09/12,21.88,22.54,21.88,22.35,683400,22.35
10/08/12,21.62,21.77,21.58,21.74,384400,21.74
10/05/12,22.04,22.06,21.58,21.82,674300,21.82
10/04/12,21.57,22.28,21.47,22.21,1036700,22.21
10/03/12,21.95,21.96,21.23,21.3,1618500,21.3
10/02/12,22.47,22.5,22.23,22.25,218700,22.25
10/01/12,22.55,22.64,22.34,22.41,382100,22.41
09/28/12,22.31,22.44,22.18,22.32,325900,22.32
09/27/12,22.11,22.41,22.04,22.34,576100,22.34
09/26/12,21.88,21.89,21.53,21.78,998000,21.78
09/25/12,22.45,22.58,22.09,22.09,414000,22.09
09/24/12,22.25,22.33,22.09,22.3,521800,22.3
09/21/12,22.68,22.75,22.47,22.58,695600,22.58
09/20/12,22.3,22.59,22.25,22.57,510700,22.57
09/19/12,22.91,22.92,22.22,22.34,2203900,22.34
09/18/12,23.48,23.59,23.21,23.32,417600,23.32
09/17/12,24.24,24.33,23.11,23.45,1542700,23.45
09/14/12,24.28,24.44,24.08,24.23,699100,24.23
09/13/12,24.02,24.06,23.57,23.97,674000,23.97
09/12/12,23.74,23.82,23.6,23.65,323600,23.65
09/11/12,23.69,23.77,23.61,23.7,278100,23.7
09/10/12,23.38,23.59,23.33,23.52,367200,23.52
09/07/12,23.25,23.62,22.95,23.54,792700,23.54
09/06/12,23.61,23.88,23.1,23.1,541500,23.1
09/05/12,23.24,23.33,22.99,23.3,252700,23.3
09/04/12,23.59,23.6,23.18,23.3,410600,23.3
08/31/12,23.53,23.67,23.16,23.55,794100,23.55
08/30/12,23.22,23.25,22.9,23.1,492900,23.1
08/29/12,23.44,23.46,23.14,23.21,424200,23.21
08/28/12,23.43,23.58,23.3,23.51,682900,23.51
08/27/12,23.24,23.37,23.05,23.36,553200,23.36
08/24/12,23.56,23.74,23.37,23.39,335300,23.39
08/23/12,23.88,23.94,23.39,23.45,740100,23.45
08/22/12,23.6,23.84,23.56,23.78,1157800,23.78
08/21/12,23.85,23.91,23.58,23.61,771300,23.61
08/20/12,23.49,23.53,23.27,23.5,1222500,23.5
08/17/12,23.45,23.59,23.3,23.58,815900,23.58
08/16/12,23.15,23.45,23.04,23.3,779300,23.3
08/15/12,22.72,23.24,22.71,23.06,432100,23.06
08/14/12,22.85,22.98,22.75,22.85,339400,22.85
08/13/12,22.9,22.92,22.51,22.68,521200,22.68
08/10/12,22.54,22.85,22.45,22.85,516300,22.85
08/09/12,22.88,23.04,22.79,22.88,755000,22.88
08/08/12,22.94,23.18,22.73,22.82,1137700,22.82
08/07/12,22.68,23.1,22.61,22.85,534300,22.85
08/06/12,22.17,22.56,22.16,22.5,748200,22.5
08/03/12,21.9,22.41,21.88,22.27,941100,22.27
08/02/12,21.26,21.57,21.17,21.28,995200,21.28
08/01/12,21.56,21.83,21.45,21.66,642900,21.66
07/31/12,21.88,21.9,21.31,21.34,551600,21.34
07/30/12,21.95,22.05,21.82,21.87,488100,21.87
07/27/12,21.9,22.09,21.81,22.02,342400,22.02
07/26/12,22.01,22.06,21.74,21.82,661000,21.82
07/25/12,21.62,21.8,21.17,21.69,593600,21.69
07/24/12,21.61,21.72,21.44,21.63,794600,21.63
07/23/12,21.56,21.91,21.43,21.54,1201100,21.54
07/20/12,22.37,22.54,22.25,22.41,849800,22.41
07/19/12,22.42,22.82,22.4,22.7,956600,22.7
07/18/12,21.88,22.07,21.83,22.05,689700,22.05
07/17/12,21.85,21.93,21.42,21.82,595500,21.82
07/16/12,21.39,21.69,21.27,21.64,415300,21.64
07/13/12,21.13,21.47,21.13,21.32,423500,21.32
07/12/12,20.76,21.14,20.6,21,488700,21
07/11/12,20.85,21.18,20.75,21.07,780700,21.07
07/10/12,20.97,20.99,20.46,20.56,375900,20.56
07/09/12,20.66,21.18,20.65,20.98,389600,20.98
07/06/12,20.73,20.86,20.55,20.58,933700,20.58
07/05/12,21.37,21.59,21.21,21.32,827300,21.32
07/03/12,21.35,21.59,21.26,21.53,968400,21.53
07/02/12,20.45,20.65,20.06,20.49,1177900,20.49
06/29/12,20.02,20.84,19.89,20.7,2265900,20.7
06/28/12,19.44,19.49,18.82,19.16,1351900,19.16
06/27/12,19.57,19.73,19.45,19.61,702800,19.61
06/26/12,19.33,19.42,19.08,19.34,400300,19.34
06/25/12,19.27,19.38,19.02,19.36,849600,19.36
06/22/12,19.18,19.6,19.13,19.55,1135600,19.55
06/21/12,19.72,19.78,19.03,19.13,1553000,19.13
06/20/12,20.58,20.59,19.76,19.83,1298600,19.83
06/19/12,20.69,20.74,20.55,20.69,364000,20.69
06/18/12,20.2,20.6,20.14,20.4,672300,20.4
06/15/12,20.64,20.74,20.5,20.63,244700,20.63
06/14/12,20.32,20.74,20.22,20.69,401800,20.69
06/13/12,20.21,20.63,20.16,20.24,643600,20.24
06/12/12,20.39,20.56,20.27,20.46,338100,20.46
06/11/12,20.81,20.81,19.95,19.95,725000,19.95
06/08/12,20.3,20.79,20.27,20.71,376600,20.71
06/07/12,21.39,21.42,20.6,20.65,934600,20.65
06/06/12,20.92,21.21,20.84,20.95,641600,20.95
06/05/12,20.55,20.73,20.54,20.67,334000,20.67
06/04/12,20.41,20.71,20.3,20.68,596100,20.68
06/01/12,20.61,20.73,20.17,20.43,967400,20.43
05/31/12,21.55,21.59,21.11,21.27,599600,21.27
05/30/12,21.9,21.91,21.5,21.55,671300,21.55
05/29/12,22.58,22.74,22.25,22.38,721800,22.38
05/25/12,22.38,22.47,22.35,22.37,169400,22.37
05/24/12,22.41,22.58,22.24,22.4,324900,22.4
05/23/12,22.52,22.55,22,22.29,634000,22.29
05/22/12,22.85,22.92,22.5,22.56,663300,22.56
05/21/12,22.69,23.06,22.66,23.03,525900,23.03
05/18/12,22.84,22.94,22.53,22.53,635400,22.53
05/17/12,23.18,23.22,22.83,22.93,436500,22.93
05/16/12,23.06,23.38,22.89,22.96,1023500,22.96
05/15/12,23.48,23.6,23.08,23.12,826300,23.12
05/14/12,23.4,23.59,23.28,23.37,769500,23.37
05/11/12,23.83,24.15,23.79,23.81,506700,23.81
05/10/12,24.24,24.28,24.01,24.05,649700,24.05
05/09/12,23.77,24.08,23.65,24.01,1009600,24.01
05/08/12,24.14,24.25,23.73,24.23,1045100,24.23
05/07/12,24.22,24.42,23.96,24.35,3167900,24.35
05/04/12,24.91,25.01,24.25,24.52,1274800,24.52
05/03/12,26,26.02,25.55,25.6,671500,25.6
05/02/12,26.43,26.44,26.22,26.34,210000,26.34
05/01/12,26.14,26.61,26.14,26.5,699500,26.5
04/30/12,26.01,26.27,25.97,26.17,323200,26.17
04/27/12,26.09,26.23,25.99,26.16,246100,26.16
04/26/12,26.02,26.2,25.99,26.08,286600,26.08
04/25/12,25.95,26.12,25.74,26.01,565000,26.01
04/24/12,25.97,25.99,25.73,25.84,208200,25.84
04/23/12,25.52,25.75,25.41,25.75,558700,25.75
04/20/12,26.08,26.15,25.81,25.98,424800,25.98
04/19/12,25.74,25.8,25.5,25.72,222600,25.72
04/18/12,26.03,26.11,25.63,25.74,375500,25.74
04/17/12,26.29,26.33,26.1,26.16,378900,26.16
04/16/12,25.8,25.94,25.53,25.83,525200,25.83
04/13/12,25.89,25.95,25.75,25.81,156300,25.81
04/12/12,25.82,26.16,25.82,26.03,401900,26.03
04/11/12,25.5,25.88,25.41,25.72,585500,25.72
04/10/12,25.62,25.84,25.24,25.36,589300,25.36
04/09/12,25.4,25.74,25.29,25.71,515200,25.71
04/05/12,25.54,25.94,25.51,25.87,629400,25.87
04/04/12,25.81,25.87,25.35,25.6,1950600,25.6
04/03/12,26.4,26.44,26.02,26.17,1204700,26.17
04/02/12,25.67,26.5,25.63,26.43,2099800,26.43
03/30/12,25.99,26.16,25.83,25.88,725300,25.88
03/29/12,26.43,26.53,25.64,25.91,1860500,25.91
03/28/12,26.54,26.58,26.34,26.58,537100,26.58
03/27/12,27.03,27.12,26.84,26.95,367800,26.95
03/26/12,26.93,27.03,26.85,26.96,451700,26.96
03/23/12,26.61,27.25,26.48,26.9,401600,26.9
03/22/12,26.38,26.57,26.31,26.54,775900,26.54
03/21/12,26.84,27.11,26.75,26.89,553200,26.89
03/20/12,27.02,27.02,26.63,26.77,579600,26.77
03/19/12,27.28,27.41,27.2,27.35,472900,27.35
03/16/12,26.78,27.18,26.69,27.16,505300,27.16
03/15/12,26.77,26.85,26.28,26.65,714000,26.65
03/14/12,26.93,27.1,26.62,26.77,585900,26.77
03/13/12,26.9,27.21,26.79,27.03,642500,27.03
03/12/12,26.9,27.03,26.72,26.98,404900,26.98
03/09/12,27.05,27.45,27,27.26,554100,27.26
03/08/12,26.99,27.19,26.85,27.06,615900,27.06
03/07/12,26.49,27.05,26.42,26.94,2130700,26.94
03/06/12,26.57,26.76,26.46,26.57,790400,26.57
03/05/12,27.13,27.18,26.88,27.16,664300,27.16
03/02/12,27.41,27.42,26.83,27.05,1260500,27.05
03/01/12,27.28,28.08,27.1,27.72,1542900,27.72
02/29/12,27.09,27.25,26.58,27.17,1654000,27.17
02/28/12,27.47,27.62,26.98,27.08,1007000,27.08
02/27/12,27.53,27.77,27.24,27.36,3029500,27.36
02/24/12,27.58,27.9,27.39,27.89,1260400,27.89
02/23/12,26.89,27.46,26.74,27.42,1010600,27.42
02/22/12,26.85,27.06,26.8,26.89,773800,26.89
02/21/12,26.59,27,26.52,26.91,2239700,26.91
02/17/12,26.25,26.3,26.08,26.28,468700,26.28
02/16/12,25.8,26.05,25.73,25.96,453100,25.96
02/15/12,25.82,25.9,25.7,25.9,667800,25.9
02/14/12,25.83,25.85,25.45,25.65,736000,25.65
02/13/12,25.44,25.64,25.19,25.55,851600,25.55
02/10/12,24.77,25.12,24.73,25.08,774000,25.08
02/09/12,25.37,25.41,25.23,25.3,525800,25.3
02/08/12,25.36,25.41,24.89,25.12,1377800,25.12
02/07/12,24.43,25.15,24.43,25.05,1398600,25.05
02/06/12,24.62,24.76,24.49,24.63,786200,24.63
02/03/12,24.56,24.84,24.45,24.78,899700,24.78
02/02/12,24.49,24.57,24.15,24.48,1294800,24.48
02/01/12,25.18,25.22,24.64,24.66,464900,24.66
01/31/12,25.65,25.66,24.82,24.94,680200,24.94
01/30/12,25.01,25.27,24.96,25.08,302100,25.08
01/27/12,25.25,25.54,25.14,25.27,889100,25.27
01/26/12,25.71,25.72,25.18,25.34,407400,25.34
01/25/12,24.97,25.48,24.74,25.32,697000,25.32
01/24/12,24.94,25.21,24.93,25.16,317600,25.16
01/23/12,25.09,25.44,25.08,25.33,617100,25.33
01/20/12,25.21,25.22,24.87,24.95,629500,24.95
01/19/12,25.81,25.84,25.43,25.55,310700,25.55
01/18/12,25.7,25.77,25.41,25.64,451500,25.64
01/17/12,25.48,25.68,25.31,25.64,566500,25.64
01/13/12,25,25.24,24.83,25.19,503600,25.19
01/12/12,25.98,26.24,25.06,25.17,816700,25.17
01/11/12,25.87,25.98,25.6,25.74,370900,25.74
01/10/12,26.18,26.29,26.02,26.02,351800,26.02
01/09/12,25.86,25.87,25.49,25.85,314700,25.85
01/06/12,26.01,26.01,25.66,25.96,874400,25.96
01/05/12,26.07,26.33,25.84,25.9,722000,25.9
01/04/12,26.08,26.38,26,26.27,648800,26.27
01/03/12,25.89,26.24,25.89,26.21,767100,26.21
12/30/11,25.12,25.35,25.02,25.12,288000,25.12
12/29/11,25.3,25.33,24.94,25.29,336100,25.29
12/28/11,25.65,25.65,25.17,25.28,321800,25.28
12/27/11,25.37,25.86,25.35,25.76,436200,25.76
12/23/11,25.36,25.44,25.28,25.37,174900,25.37
12/22/11,25.23,25.4,25.19,25.23,241300,25.23
12/21/11,24.79,25.2,24.69,25.1,457200,25.1
12/20/11,24.54,24.75,24.49,24.7,446900,24.7
12/19/11,23.91,23.95,23.59,23.77,320100,23.77
12/16/11,23.77,23.96,23.45,23.84,506600,23.84
12/15/11,24.25,24.3,23.68,23.72,835200,23.72
12/14/11,24.62,24.73,23.93,24.11,790700,24.11
12/13/11,25.07,25.78,25.07,25.44,476700,25.44
12/12/11,24.98,25.02,24.81,24.99,258800,24.99
12/09/11,24.87,25.39,24.83,25.39,338000,25.39
12/08/11,25.4,25.5,24.85,24.89,598600,24.89
12/07/11,25.78,25.84,25.39,25.61,593300,25.61
12/06/11,25.68,25.85,25.56,25.73,395800,25.73
12/05/11,26.04,26.08,25.55,25.73,466500,25.73
12/02/11,25.64,25.81,25.41,25.74,617800,25.74
12/01/11,25.49,25.77,25.17,25.49,768000,25.49
11/30/11,25.75,25.9,25.52,25.57,466900,25.57
11/29/11,25.18,25.49,25.07,25.39,431000,25.39
11/28/11,25.23,25.29,24.72,24.93,420500,24.93
11/25/11,24.37,24.77,24.3,24.5,276700,24.5
11/23/11,24.41,24.66,24.21,24.45,504100,24.45
11/22/11,24.84,25.09,24.57,24.9,362900,24.9
11/21/11,24.6,24.79,24.19,24.75,972300,24.75
11/18/11,25.3,25.32,24.59,24.9,1152500,24.9
11/17/11,25.79,25.88,25.03,25.17,715800,25.17
11/16/11,25.95,26.23,25.72,25.98,1234200,25.98
11/15/11,25.12,25.42,25.05,25.33,561700,25.33
11/14/11,25,25.06,24.73,24.95,474800,24.95
11/11/11,24.94,25.2,24.94,25.16,567500,25.16
11/10/11,24.74,25,24.48,24.84,605200,24.84
11/09/11,24.23,24.85,23.97,24.34,959300,24.34
11/08/11,24.51,24.65,24.28,24.63,503500,24.63
11/07/11,24.15,24.4,23.97,24.38,701800,24.38
11/04/11,23.84,23.96,23.54,23.94,309500,23.94
11/03/11,23.73,23.99,23.39,23.84,481300,23.84
11/02/11,23.67,23.74,23.23,23.4,687500,23.4
11/01/11,22.7,23.35,22.64,23.1,427400,23.1
10/31/11,23.25,23.69,23.14,23.48,458900,23.48
10/28/11,23.4,23.8,23.35,23.66,501800,23.66
10/27/11,23.66,23.9,23.39,23.78,631100,23.78
10/26/11,23.54,23.57,22.78,22.98,506600,22.98
10/25/11,23.68,23.97,23.38,23.51,1190300,23.51
10/24/11,22.26,23.26,22.26,23.19,1107900,23.19
10/21/11,22.2,22.46,21.92,22.15,499900,22.15
10/20/11,21.7,21.96,21.23,21.76,377900,21.76
10/19/11,22.36,22.67,21.72,21.78,578200,21.78
10/18/11,21.99,22.55,21.68,22.36,609800,22.36
10/17/11,21.92,22,21.72,21.88,261700,21.88
10/14/11,22,22.12,21.77,22.12,639200,22.12
10/13/11,21.28,21.53,21.01,21.31,324300,21.31
10/12/11,21.7,21.86,21.48,21.48,465900,21.48
10/11/11,21.44,21.91,21.32,21.58,654600,21.58
10/10/11,21.36,21.76,21.35,21.68,536500,21.68
10/07/11,21.04,21.14,20.5,20.9,613900,20.9
10/06/11,20,20.9,19.91,20.84,740500,20.84
10/05/11,19.49,20.08,19.33,20.07,542700,20.07
10/04/11,19.08,19.57,18.87,19.4,798300,19.4
10/03/11,19.49,20.02,19.26,19.26,932400,19.26
09/30/11,20.23,20.54,19.78,19.84,766200,19.84
09/29/11,20.97,21.2,20.63,20.83,339400,20.83
09/28/11,21.12,21.18,20.31,20.35,400900,20.35
09/27/11,20.96,21.43,20.93,21.12,845000,21.12
09/26/11,19.98,20.51,19.63,20.49,906000,20.49
09/23/11,19.99,20.39,19.92,20.25,817700,20.25
09/22/11,20.44,20.75,20.09,20.24,1510800,20.24
09/21/11,21.88,22.29,21.51,21.51,740500,21.51
09/20/11,21.76,22.21,21.69,21.84,331600,21.84
09/19/11,21.75,21.87,21.49,21.76,619100,21.76
09/16/11,22.71,22.72,22.09,22.35,476200,22.35
09/15/11,22.74,22.91,22.63,22.69,362300,22.69
09/14/11,22.74,22.82,22.38,22.48,327500,22.48
09/13/11,22.67,23,22.51,22.84,745100,22.84
09/12/11,22.02,22.58,21.93,22.52,657000,22.52
09/09/11,22,22.2,21.71,22.13,447100,22.13
09/08/11,22.68,22.93,22.5,22.56,486500,22.56
09/07/11,22.23,22.79,22.18,22.69,745500,22.69
09/06/11,21.28,21.96,21.26,21.92,437200,21.92
09/02/11,21.79,22.18,21.66,21.97,566900,21.97
09/01/11,22.56,22.85,22.4,22.56,634100,22.56
08/31/11,22.45,22.77,22.4,22.6,812900,22.6
08/30/11,22.24,22.66,22.04,22.55,600600,22.55
08/29/11,22.21,22.25,22.03,22.2,360700,22.2
08/26/11,21.38,21.73,21.02,21.65,688300,21.65
08/25/11,21.87,21.97,21.02,21.53,492400,21.53
08/24/11,21.71,21.97,21.48,21.6,453800,21.6
08/23/11,21.47,21.92,21.12,21.83,920500,21.83
08/22/11,21.37,21.49,20.75,21.34,996900,21.34
08/19/11,20.49,21.23,20.47,20.97,978200,20.97
08/18/11,21.58,21.59,20.58,20.69,1274200,20.69
08/17/11,22.54,22.66,22.19,22.25,980500,22.25
08/16/11,22.06,22.38,21.87,22.13,526100,22.13
08/15/11,21.99,22.45,21.99,22.42,497600,22.42
08/12/11,22.12,22.28,21.66,21.73,746900,21.73
08/11/11,21.02,21.89,20.83,21.75,1352000,21.75
08/10/11,20.51,21.14,20.24,20.71,1590200,20.71
08/09/11,20.83,21.16,19.73,20.56,4515800,20.56
08/08/11,21.3,21.57,20.4,20.54,2012800,20.54
08/05/11,22.3,22.52,21.56,22.29,1367100,22.29
08/04/11,23.38,23.38,22,22.07,1733100,22.07
08/03/11,23.93,23.96,23.37,23.54,829000,23.54
08/02/11,24.2,24.53,23.89,23.93,514200,23.93
08/01/11,25.3,25.35,23.97,24.48,1094700,24.48
07/29/11,24.5,24.73,24.46,24.6,369800,24.6
07/28/11,25.02,25.17,24.86,24.93,265100,24.93
07/27/11,25.33,25.34,24.97,25.01,787100,25.01
07/26/11,25.4,25.87,25.12,25.57,384600,25.57
07/25/11,25.37,25.63,25.34,25.47,158800,25.47
07/22/11,25.42,25.78,25.36,25.66,334600,25.66
07/21/11,25.43,25.75,25.34,25.5,609200,25.5
07/20/11,25.38,25.45,24.9,25.3,405100,25.3
07/19/11,25.12,25.45,25.09,25.2,444800,25.2
07/18/11,24.8,24.83,24.4,24.73,651400,24.73
07/15/11,24.9,25.2,24.88,25.09,429500,25.09
07/14/11,25.49,25.53,24.39,24.7,529600,24.7
07/13/11,25.03,25.6,24.92,25.26,499200,25.26
07/12/11,24.42,25.15,24.31,24.97,293700,24.97
07/11/11,24.51,24.73,24.26,24.51,392700,24.51
07/08/11,25.03,25.07,24.67,24.84,618300,24.84
07/07/11,25.52,25.77,25.34,25.43,4938700,25.43
07/06/11,25.08,25.18,24.86,25.02,1039100,25.02
07/05/11,24.81,25.25,24.76,25.07,2991100,25.07
07/01/11,24.28,24.57,24.09,24.4,466300,24.4
06/30/11,24.49,24.71,24.2,24.47,511200,24.47
06/29/11,23.96,24.72,23.93,24.46,1031900,24.46
06/28/11,23.55,23.93,23.4,23.91,411100,23.91
06/27/11,23.14,23.47,23.03,23.36,595600,23.36
06/24/11,23.4,23.53,23.11,23.46,906800,23.46
06/23/11,23.44,23.7,23.07,23.64,1491200,23.64
06/22/11,24.3,24.69,24.26,24.38,461100,24.38
06/21/11,24.28,24.46,23.93,24.16,709200,24.16
06/20/11,23.97,24.17,23.85,24.12,543100,24.12
06/17/11,24.12,24.31,23.75,24.05,917900,24.05
06/16/11,24.63,24.71,24.45,24.59,651800,24.59
06/15/11,25.68,25.95,24.35,24.69,2510600,24.69
06/14/11,25.26,25.82,25.26,25.75,288700,25.75
06/13/11,25.49,25.72,24.98,25.18,471100,25.18
06/10/11,26.09,26.11,25.65,25.74,270800,25.74
06/09/11,26.37,26.69,26.24,26.49,356200,26.49
06/08/11,25.95,26.52,25.95,26.26,594200,26.26
06/07/11,25.7,25.95,25.43,25.74,340300,25.74
06/06/11,25.97,26,25.63,25.7,348900,25.7
06/03/11,25.65,26.2,25.61,26.17,448000,26.17
06/02/11,26.18,26.28,25.63,26.17,581100,26.17
06/01/11,26.81,26.81,26.03,26.07,789000,26.07
05/31/11,26.86,26.92,26.57,26.77,493300,26.77
05/27/11,26.25,26.31,26.07,26.2,371500,26.2
05/26/11,26.29,26.41,25.94,26.14,527300,26.14
05/25/11,25.71,26.49,25.68,26.36,760300,26.36
05/24/11,25.91,26.06,25.49,25.9,759500,25.9
05/23/11,25.23,25.52,25.06,25.35,730700,25.35
05/20/11,25.66,26.15,25.07,26.06,814100,26.06
05/19/11,26.1,26.25,25.67,25.75,543200,25.75
05/18/11,25.84,26.42,25.7,26.08,913800,26.08
05/17/11,25.19,25.44,24.82,25.41,884100,25.41
05/16/11,25.89,26.08,25.33,25.36,776100,25.36
05/13/11,25.9,26.13,25.39,26.01,558800,26.01
05/12/11,25.53,26.3,25.11,25.9,1424100,25.9
05/11/11,26.85,26.87,25.53,25.96,1283600,25.96
05/10/11,26.53,27.28,26.41,27.13,983800,27.13
05/09/11,26.02,27.12,25.91,27.02,1662900,27.02
05/06/11,25.88,26.85,25.4,25.64,1875800,25.64
05/05/11,27.78,27.8,25.72,25.99,4905200,25.99
05/04/11,29.1,29.16,28.53,28.66,1077500,28.66
05/03/11,29.7,29.73,29.03,29.25,809800,29.25
05/02/11,29.84,30.27,29.8,29.8,1184400,29.8
04/29/11,29.78,30.1,29.67,29.98,323000,29.98
04/28/11,29.74,30.04,29.41,29.73,643800,29.73
04/27/11,29.57,29.88,29.16,29.87,742000,29.87
04/26/11,29.47,29.64,29.37,29.5,533800,29.5
04/25/11,29.76,29.76,29.25,29.55,807300,29.55
04/21/11,29.29,29.6,29.23,29.56,519300,29.56
04/20/11,28.79,29.4,28.72,29.33,804700,29.33
04/19/11,28.2,28.69,28.13,28.44,417700,28.44
04/18/11,28.59,28.6,28.17,28.39,1016500,28.39
04/15/11,28.52,29.13,28.44,28.97,799000,28.97
04/14/11,28.27,28.71,28.21,28.66,697700,28.66
04/13/11,28.24,28.42,27.85,28.31,1100900,28.31
04/12/11,28.62,28.64,27.88,27.97,2131800,27.97
04/11/11,29.74,29.78,28.87,28.88,1425500,28.88
04/08/11,29.5,30,29.42,29.98,827900,29.98
04/07/11,28.81,29.24,28.69,29.2,645800,29.2
04/06/11,28.73,28.89,28.56,28.74,743800,28.74
04/05/11,28.57,28.73,28.48,28.56,760500,28.56
04/04/11,28.56,28.74,28.48,28.66,587600,28.66
04/01/11,28.26,28.62,28.11,28.59,857300,28.59
03/31/11,28.06,28.25,27.92,28.2,979700,28.2
03/30/11,27.58,27.79,27.33,27.55,527700,27.55
03/29/11,27.41,27.74,27.3,27.67,729500,27.67
03/28/11,27.39,27.72,27.38,27.38,1048600,27.38
03/25/11,27.76,28,27.61,27.9,811900,27.9
03/24/11,27.96,28.15,27.69,27.81,1008900,27.81
03/23/11,27.85,28.12,27.77,27.88,1546400,27.88
03/22/11,27.14,27.8,27.07,27.73,1144800,27.73
03/21/11,27.3,27.41,27.1,27.18,1178200,27.18
03/18/11,26.83,27.1,26.65,27.05,1511800,27.05
03/17/11,26.64,27.18,26.56,27.04,1575100,27.04
03/16/11,26.18,26.52,25.86,26.16,2336000,26.16
03/15/11,25.96,26.41,25.81,25.96,2771900,25.96
03/14/11,26.81,27.05,26.59,27.04,1568000,27.04
03/11/11,26.67,27.1,26.64,26.89,1623100,26.89
03/10/11,27.6,27.87,26.88,27.35,4068100,27.35
03/09/11,28.21,28.23,27.8,27.83,2200200,27.83
03/08/11,28.19,28.19,27.72,27.99,2254800,27.99
03/07/11,28.32,28.36,27.96,28.05,3262200,28.05
03/04/11,27.59,28.08,27.5,28.03,2827000,28.03
03/03/11,27.05,27.32,26.75,27.23,1681800,27.23
03/02/11,26.86,27.38,26.58,27.37,3377900,27.37
03/01/11,26.06,26.76,26.04,26.74,1968900,26.74
02/28/11,26.03,26.21,25.78,25.85,1420700,25.85
02/25/11,25.96,26.27,25.75,26.2,2356500,26.2
02/24/11,26.6,26.82,25.49,25.69,6035600,25.69
02/23/11,25.71,26.7,25.71,26.26,5603900,26.26
02/22/11,25.73,25.73,24.89,25.35,3986900,25.35
02/18/11,23.9,24.18,23.58,23.89,1557300,23.89
02/17/11,23.31,23.7,23.31,23.68,1118300,23.68
02/16/11,23.4,23.56,23.1,23.33,894900,23.33
02/15/11,23.63,23.66,23.1,23.23,963000,23.23
02/14/11,23.78,24.02,23.5,23.57,615700,23.57
02/11/11,23.85,23.98,23.56,23.69,1008400,23.69
02/10/11,23.84,24.21,23.81,24.02,687900,24.02
02/09/11,24.08,24.27,23.85,23.97,537800,23.97
02/08/11,23.91,24.32,23.83,24.08,937600,24.08
02/07/11,24.47,24.56,24.1,24.1,733500,24.1
02/04/11,25.28,25.31,24.44,24.55,1049800,24.55
02/03/11,25.21,25.28,24.9,25.09,874600,25.09
02/02/11,25.09,25.39,24.91,25.16,979400,25.16
02/01/11,25.5,25.59,25.01,25.08,1401300,25.08
01/31/11,24.51,25.7,24.5,25.44,1955800,25.44
01/28/11,23.8,24.78,23.78,24.73,2121800,24.73
01/27/11,24.02,24.11,23.58,23.59,799900,23.59
01/26/11,23.84,24.22,23.73,24.2,565600,24.2
01/25/11,23.97,23.99,23.77,23.82,989800,23.82
01/24/11,24.26,24.38,24.1,24.27,1475800,24.27
01/21/11,24.72,24.82,24.57,24.65,387700,24.65
01/20/11,24.86,24.9,24.54,24.69,1128500,24.69
01/19/11,25.69,25.69,25.32,25.39,534100,25.39
01/18/11,25.36,25.67,25.33,25.51,412400,25.51
01/14/11,25.35,25.65,25.3,25.64,286300,25.64
01/13/11,25.7,25.82,25.44,25.48,264600,25.48
01/12/11,25.73,25.88,25.6,25.68,508300,25.68
01/11/11,25.27,25.59,25.1,25.58,702600,25.58
01/10/11,25.04,25.14,24.83,25.07,519700,25.07
01/07/11,24.94,25.05,24.4,24.77,507200,24.77
01/06/11,25.19,25.19,24.6,24.74,695700,24.74
01/05/11,24.83,25.46,24.7,25.32,1096800,25.32
01/04/11,25.63,25.65,24.75,25.01,2717500,25.01
01/03/11,25.88,25.96,25.65,25.68,949200,25.68
12/31/10,24.98,25.81,24.95,25.61,1236500,25.61
12/30/10,25.28,25.35,24.94,25.06,494000,25.06
12/29/10,25.64,25.64,25.51,25.54,307300,25.54
12/28/10,25.62,25.67,25.51,25.6,281900,25.6
12/27/10,25.52,25.59,25.37,25.45,361400,25.45
12/23/10,25.4,25.69,25.37,25.65,513100,25.65
12/22/10,25.3,25.46,25.27,25.38,418300,25.38
12/21/10,25.07,25.2,25,25.15,225500,25.15
12/20/10,24.86,25.09,24.56,24.98,340800,24.98
12/17/10,24.81,24.98,24.74,24.83,269600,24.83
12/16/10,24.96,24.99,24.75,24.8,230200,24.8
12/15/10,24.65,25.13,24.64,24.96,863800,24.96
12/14/10,24.86,25.07,24.74,24.9,285700,24.9
12/13/10,25.12,25.21,24.76,24.86,344800,24.86
12/10/10,24.93,24.96,24.53,24.75,285700,24.75
12/09/10,24.93,25.1,24.7,24.92,538900,24.92
12/08/10,24.94,25.08,24.6,24.91,400000,24.91
12/07/10,25.45,25.47,24.82,24.84,531300,24.84
12/06/10,25.16,25.28,24.97,25.13,335100,25.13
12/03/10,24.72,25.22,24.68,25.17,898500,25.17
12/02/10,24.39,24.82,24.35,24.79,671800,24.79
12/01/10,24.05,24.48,23.95,24.4,537900,24.4
11/30/10,23.84,24.08,23.62,23.64,311200,23.64
11/29/10,23.73,24.15,23.5,24.12,464900,24.12
11/26/10,23.47,23.58,23.42,23.58,78600,23.58
11/24/10,22.92,23.64,22.88,23.64,672600,23.64
11/23/10,22.72,23.01,22.61,22.87,310900,22.87
11/22/10,22.91,22.98,22.66,22.96,860800,22.96
11/19/10,22.98,23.07,22.79,23.05,279100,23.05
11/18/10,23.12,23.29,22.96,23.24,470800,23.24
11/17/10,23.13,23.33,22.63,22.74,763300,22.74
11/16/10,23.65,23.65,23.2,23.24,619100,23.24
11/15/10,24.18,24.21,23.89,23.91,402300,23.91
11/12/10,24.46,24.56,23.92,23.93,596900,23.93
11/11/10,24.92,24.98,24.81,24.87,387400,24.87
11/10/10,24.67,25,24.55,25,624500,25
11/09/10,24.84,24.84,24.22,24.35,565100,24.35
11/08/10,24.6,24.71,24.37,24.66,468800,24.66
11/05/10,24.53,24.71,24.38,24.7,447300,24.7
11/04/10,24.47,24.63,24.33,24.6,1120100,24.6
11/03/10,23.88,24.18,23.65,24.08,1533100,24.08
11/02/10,23.75,23.87,23.64,23.75,406300,23.75
11/01/10,23.66,23.72,23.39,23.45,453300,23.45
10/29/10,23.1,23.15,22.77,23.02,196900,23.02
10/28/10,23.34,23.35,23.07,23.17,184800,23.17
10/27/10,23.11,23.21,22.75,23.19,398500,23.19
10/26/10,23.22,23.43,23.17,23.36,224000,23.36
10/25/10,23.48,23.55,23.05,23.29,294800,23.29
10/22/10,22.98,23.22,22.79,23.21,211600,23.21
10/21/10,23.16,23.33,22.64,22.8,398100,22.8
10/20/10,22.68,23.35,22.68,23.29,325800,23.29
10/19/10,23.05,23.24,22.59,22.64,684200,22.64
10/18/10,23.29,23.77,23.23,23.75,373400,23.75
10/15/10,23.59,23.64,23.03,23.23,512700,23.23
10/14/10,23.66,23.94,23.47,23.6,318200,23.6
10/13/10,23.62,23.82,23.58,23.69,297700,23.69
10/12/10,23.47,23.5,23.15,23.35,417800,23.35
10/11/10,23.5,23.62,23.39,23.42,214900,23.42
10/08/10,23.32,23.75,23.3,23.69,387000,23.69
10/07/10,24,24.02,23.12,23.23,931400,23.23
10/06/10,23.64,24.03,23.55,23.78,751100,23.78
10/05/10,23.5,23.7,23.39,23.63,525900,23.63
10/04/10,23.39,23.54,23.21,23.32,637000,23.32
10/01/10,23.13,23.32,22.97,23.32,677200,23.32
09/30/10,22.54,22.87,22.35,22.78,1069400,22.78
09/29/10,21.65,22.25,21.52,22.16,513200,22.16
09/28/10,21.67,21.95,21.52,21.64,353400,21.64
09/27/10,21.93,21.95,21.48,21.69,343700,21.69
09/24/10,21.49,21.82,21.48,21.8,538900,21.8
09/23/10,21.04,21.5,20.98,21.31,414100,21.31
09/22/10,21.5,21.6,20.99,21.24,480900,21.24
09/21/10,21.6,21.63,21.27,21.28,523500,21.28
09/20/10,21.34,21.86,21.33,21.67,360300,21.67
09/17/10,21.61,21.65,21.08,21.29,474300,21.29
09/16/10,21.79,21.83,21.44,21.53,247500,21.53
09/15/10,21.81,22,21.74,21.88,234900,21.88
09/14/10,22.21,22.48,22.02,22.15,393000,22.15
09/13/10,22.37,22.46,22.18,22.23,497300,22.23
09/10/10,21.76,22.09,21.66,22.03,542700,22.03
09/09/10,21.85,21.95,21.37,21.39,330300,21.39
09/08/10,21.46,21.8,21.45,21.55,480400,21.55
09/07/10,21.28,21.57,21,21.3,539600,21.3
09/03/10,21.7,21.79,21.16,21.51,629100,21.51
09/02/10,21.23,21.72,21.18,21.71,408400,21.71
09/01/10,21.08,21.52,21.05,21.38,476200,21.38
08/31/10,21.45,21.6,20.63,20.7,664300,20.7
08/30/10,21.53,21.66,21.45,21.45,310500,21.45
08/27/10,21.22,21.83,20.81,21.81,515000,21.81
08/26/10,21.11,21.37,21.01,21.18,570500,21.18
08/25/10,20.6,21.02,20.4,21,1278000,21
08/24/10,20.77,20.89,20.58,20.59,929800,20.59
08/23/10,21.4,21.54,21.01,21.04,1971300,21.04
08/20/10,21.46,21.49,21.24,21.41,554400,21.41
08/19/10,21.91,21.93,21.52,21.64,1704600,21.64
08/18/10,21.76,22.02,21.48,21.94,1317300,21.94
08/17/10,22.16,22.32,21.99,22.05,518600,22.05
08/16/10,21.87,21.97,21.79,21.88,334600,21.88
08/13/10,22.04,22.16,21.84,21.99,362100,21.99
08/12/10,22.24,22.5,21.99,22.09,492800,22.09
08/11/10,23.1,23.11,22.63,22.64,324800,22.64
08/10/10,23.29,23.57,23.12,23.39,385400,23.39
08/09/10,23.74,23.85,23.6,23.85,406200,23.85
08/06/10,23.65,24.01,23.4,23.63,320200,23.63
08/05/10,23.86,24.05,23.84,23.97,312300,23.97
08/04/10,24.11,24.26,23.92,24.11,599400,24.11
08/03/10,23.96,24.16,23.8,24.11,798300,24.11
08/02/10,23.62,23.89,23.56,23.81,1216200,23.81
07/30/10,22.5,23.07,22.43,23.02,280400,23.02
07/29/10,22.51,23.02,22.51,22.84,408500,22.84
07/28/10,22.41,22.54,22.13,22.39,679300,22.39
07/27/10,23.14,23.17,22.4,22.59,336000,22.59
07/26/10,23,23.16,22.94,23.05,300400,23.05
07/23/10,22.97,23.18,22.9,23.07,451000,23.07
07/22/10,22.74,23.19,22.73,23.08,708900,23.08
07/21/10,22.86,22.89,22.22,22.28,397600,22.28
07/20/10,22.21,22.72,22.2,22.68,455500,22.68
07/19/10,22.44,22.76,22.15,22.42,238900,22.42
07/16/10,22.36,22.39,22.04,22.24,545600,22.24
07/15/10,22.61,22.61,22.1,22.51,231100,22.51
07/14/10,22.49,22.92,22.41,22.57,421000,22.57
07/13/10,22.48,22.7,22.46,22.65,465100,22.65
07/12/10,22.2,22.3,21.86,21.96,336300,21.96
07/09/10,22.17,22.45,22.05,22.37,381600,22.37
07/08/10,22.1,22.29,21.83,22.29,381100,22.29
07/07/10,21.34,21.87,21.33,21.87,448600,21.87
07/06/10,21.48,21.66,20.93,21.18,1641100,21.18
07/02/10,21.36,21.46,20.97,21.16,307600,21.16
07/01/10,21.86,21.86,21.11,21.3,633200,21.3
06/30/10,22.22,22.47,21.82,22.09,356500,22.09
06/29/10,22.25,22.3,22.08,22.2,613800,22.2
06/28/10,23.01,23.05,22.86,22.92,234100,22.92
06/25/10,22.75,23.28,22.64,23.26,444300,23.26
06/24/10,22.37,22.48,22.12,22.37,335400,22.37
06/23/10,22.5,22.56,22.08,22.26,692800,22.26
06/22/10,23.08,23.2,22.79,22.79,345000,22.79
06/21/10,23.45,23.5,22.87,22.99,545400,22.99
06/18/10,22.76,23.1,22.68,23.09,194500,23.09
06/17/10,23.22,23.23,22.81,22.88,538700,22.88
06/16/10,22.86,23.29,22.74,23.15,550300,23.15
06/15/10,22.58,22.97,22.52,22.96,701200,22.96
06/14/10,22.61,22.72,22.14,22.33,327400,22.33
06/11/10,22.2,22.49,21.94,22.28,479400,22.28
06/10/10,22.58,22.76,22.4,22.65,611900,22.65
06/09/10,22.03,22.35,21.99,22.05,947300,22.05
06/08/10,21.39,21.58,21.2,21.53,587600,21.53
06/07/10,21.3,21.62,21.05,21.15,548400,21.15
06/04/10,21.83,21.95,21.1,21.2,1128900,21.2
06/03/10,21.87,22.38,21.58,22.28,704400,22.28
06/02/10,21.66,22.06,21.57,21.96,500700,21.96
06/01/10,21.88,22.5,21.5,21.52,1107000,21.52
05/28/10,22.22,22.43,21.82,22.11,876700,22.11
05/27/10,21.81,22.33,21.7,22.33,1047900,22.33
05/26/10,20.9,21.37,20.89,21.13,1247700,21.13
05/25/10,20.06,20.66,20.01,20.65,1126000,20.65
05/24/10,21.03,21.11,20.8,20.84,947300,20.84
05/21/10,20.61,21.22,20.55,20.93,1166400,20.93
05/20/10,21.03,21.22,20.5,20.81,2463200,20.81
05/19/10,21.64,21.85,21.2,21.77,1755800,21.77
05/18/10,22.45,22.5,21.55,21.73,1721800,21.73
05/17/10,22.42,22.45,21.73,22.01,1900800,22.01
05/14/10,23.27,23.29,22.45,22.64,2221700,22.64
05/13/10,23.7,24,23.52,23.55,1571000,23.55
05/12/10,24.17,24.36,23.75,24.01,1078900,24.01
05/11/10,24.27,24.55,23.98,24.08,739200,24.08
05/10/10,24.48,24.63,24,24.46,1273100,24.46
05/07/10,24.18,24.3,23.52,23.78,1387600,23.78
05/06/10,24.98,25.24,23.53,24.3,1970000,24.3
05/05/10,25.19,25.85,25.12,25.22,1201200,25.22
05/04/10,26.85,26.85,26.17,26.17,659500,26.17
05/03/10,27.29,27.67,27.27,27.38,512000,27.38
04/30/10,27.35,27.46,27.02,27.29,333100,27.29
04/29/10,26.83,27.12,26.8,27.08,491600,27.08
04/28/10,26.22,26.43,25.94,26.34,392200,26.34
04/27/10,26.47,26.7,25.93,25.96,513500,25.96
04/26/10,26.96,27.02,26.58,26.62,317000,26.62
04/23/10,26.41,27.03,26.29,27.02,814400,27.02
04/22/10,26.2,26.62,25.91,26.57,602500,26.57
04/21/10,26.68,26.8,26.3,26.57,728000,26.57
04/20/10,26.49,26.81,26.48,26.6,396000,26.6
04/19/10,26.19,26.45,26.15,26.45,593800,26.45
04/16/10,27.12,27.28,26.62,26.78,1071800,26.78
04/15/10,27.7,27.72,27.41,27.55,373900,27.55
04/14/10,27.17,27.66,27.04,27.59,642300,27.59
04/13/10,26.95,27.11,26.55,26.99,1186500,26.99
04/12/10,27.17,27.42,27,27.03,370500,27.03
04/09/10,27.53,27.61,26.97,27.23,617700,27.23
04/08/10,27.19,27.53,27.06,27.44,653800,27.44
04/07/10,27.79,27.87,27.44,27.5,796300,27.5
04/06/10,27.81,27.95,27.71,27.84,334700,27.84
04/05/10,27.47,27.89,27.44,27.85,504500,27.85
04/01/10,27.08,27.32,27.08,27.28,906200,27.28
03/31/10,26.7,26.86,26.38,26.66,712900,26.66
03/30/10,26.38,26.47,26.2,26.4,393600,26.4
03/29/10,25.96,26.51,25.96,26.4,638700,26.4
03/26/10,25.82,25.84,25.46,25.62,425400,25.62
03/25/10,25.97,26.08,25.67,25.7,465000,25.7
03/24/10,25.74,25.91,25.56,25.72,614300,25.72
03/23/10,26.01,26.32,25.93,26.24,336200,26.24
03/22/10,25.3,26.18,25.27,26.12,546400,26.12
03/19/10,25.89,26.39,25.66,25.89,529900,25.89
03/18/10,26.49,26.58,26.28,26.38,414100,26.38
03/17/10,26.53,26.71,26.3,26.58,602800,26.58
03/16/10,26,26.37,25.94,26.27,490400,26.27
03/15/10,25.85,25.86,25.42,25.67,524900,25.67
03/12/10,26.55,26.61,25.9,26.09,892600,26.09
03/11/10,26.31,26.45,26.22,26.44,267500,26.44
03/10/10,26.13,26.71,25.99,26.34,524800,26.34
03/09/10,25.98,26.35,25.97,26.14,261300,26.14
03/08/10,26.44,26.46,25.99,26.31,408500,26.31
03/05/10,26.17,26.41,26.16,26.31,691400,26.31
03/04/10,25.82,25.96,25.65,25.86,434100,25.86
03/03/10,25.8,26.13,25.57,26.03,946200,26.03
03/02/10,25.45,26.04,25.45,25.63,976000,25.63
03/01/10,25.78,25.85,25.08,25.33,764600,25.33
02/26/10,25.28,25.74,25.28,25.65,554300,25.65
02/25/10,24.97,25.16,24.74,25.15,836000,25.15
02/24/10,25.37,25.77,25.22,25.77,830100,25.77
02/23/10,25.48,25.56,25.15,25.29,963800,25.29
02/22/10,25.85,25.9,25.63,25.77,739900,25.77
02/19/10,25.5,25.8,25.37,25.79,1613900,25.79
02/18/10,25.35,25.57,25.08,25.57,1246300,25.57
02/17/10,24.87,25.06,24.72,25.05,900300,25.05
02/16/10,24.51,24.94,24.45,24.89,817600,24.89
02/12/10,23.78,23.94,23.43,23.94,780400,23.94
02/11/10,24.06,24.43,23.68,24.26,514800,24.26
02/10/10,23.75,24.17,23.4,24.04,578000,24.04
02/09/10,23.4,23.91,23.24,23.82,707000,23.82
02/08/10,23.06,23.24,22.81,23.05,786600,23.05
02/05/10,23.7,23.73,22.37,23.18,2518900,23.18
02/04/10,24.47,24.47,23.37,23.59,2542800,23.59
02/03/10,24.96,25.48,24.72,24.83,1163800,24.83
02/02/10,24.27,24.98,24.21,24.96,1354200,24.96
02/01/10,23.68,24.17,23.55,24.16,1196800,24.16
01/29/10,23.96,24.03,23.38,23.49,1371400,23.49
01/28/10,23.94,23.94,23.53,23.8,861700,23.8
01/27/10,24.09,24.19,23.44,23.76,946500,23.76
01/26/10,23.95,24.26,23.87,24.04,441900,24.04
01/25/10,24.02,24.35,23.99,24.27,873200,24.27
01/22/10,24.44,24.46,23.93,23.93,914700,23.93
01/21/10,25.23,25.35,24.45,24.56,754900,24.56
01/20/10,25.24,25.29,25,25.02,732700,25.02
01/19/10,25.12,25.71,25.09,25.7,433000,25.7
01/15/10,25.75,25.75,25.26,25.35,544400,25.35
01/14/10,25.94,26.05,25.68,25.81,413800,25.81
01/13/10,26.02,26.24,25.52,25.93,845200,25.93
01/12/10,26.48,26.68,26.11,26.22,679000,26.22
01/11/10,27.14,27.22,26.75,26.82,882000,26.82
01/08/10,26.84,27.2,26.72,27.02,672300,27.02
01/07/10,27.01,27.14,26.88,26.93,623400,26.93
01/06/10,26.63,27.22,26.34,27.09,1237000,27.09
01/05/10,26.61,26.72,26.37,26.7,618700,26.7
01/04/10,26.41,26.6,26.32,26.58,1216000,26.58
12/31/09,25.97,26.03,25.78,25.88,724300,25.88
12/30/09,25.68,25.97,25.53,25.8,777500,25.8
12/29/09,25.75,25.77,25.39,25.6,577700,25.6
12/28/09,25.65,25.75,25.54,25.6,542100,25.6
12/24/09,24.95,25.19,24.94,25.17,397100,25.17
12/23/09,24.46,25.01,24.44,24.87,1256200,24.87
12/22/09,23.82,24.33,23.6,24.06,600900,24.06
12/21/09,24.29,24.43,23.76,23.79,535200,23.79
12/18/09,24.48,24.52,23.89,24.12,741300,24.12
12/17/09,24.07,24.18,23.66,23.92,773700,23.92
12/16/09,23.76,24.35,23.73,24.2,1268400,24.2
12/15/09,23.57,23.76,23.5,23.6,926200,23.6
12/14/09,23.37,23.54,23.31,23.41,1014000,23.41
12/11/09,23.5,23.5,23.18,23.37,1022700,23.37
12/10/09,23.72,23.81,23.26,23.5,1116600,23.5
12/09/09,24.34,24.54,23.4,23.64,1494100,23.64
12/08/09,24.45,24.54,24.24,24.29,1216300,24.29
12/07/09,24.81,25.11,24.65,24.73,1202000,24.73
12/04/09,25.93,26.03,25.03,25.29,911000,25.29
12/03/09,25.5,25.81,25.26,25.41,380600,25.41
12/02/09,26.12,26.12,25.5,25.65,641600,25.65
12/01/09,26.36,26.45,26.13,26.16,656800,26.16
11/30/09,25.19,26.11,25.13,25.87,725500,25.87
11/27/09,24.63,25.53,24.56,25.44,822700,25.44
11/25/09,25.46,26.13,25.25,26.05,892100,26.05
11/24/09,25.89,25.92,25.3,25.49,1150100,25.49
11/23/09,26.58,26.78,25.84,26.02,890300,26.02
11/20/09,25.82,26.12,25.73,26.03,636900,26.03
11/19/09,26.75,26.77,26,26.23,548000,26.23
11/18/09,26.96,27.11,26.55,26.9,491700,26.9
11/17/09,26.52,26.92,26.43,26.73,453400,26.73
11/16/09,26,26.83,25.96,26.64,570700,26.64
11/13/09,25.8,26.05,25.54,25.84,573700,25.84
11/12/09,26.52,26.6,25.88,25.95,957800,25.95
11/11/09,26.96,27.08,26.55,26.77,469400,26.77
11/10/09,26.95,27.21,26.33,26.72,364600,26.72
11/09/09,26.7,27.13,26.65,26.81,681800,26.81
11/06/09,26.39,26.67,25.92,26.23,680800,26.23
11/05/09,27.02,27.21,26.83,26.97,288000,26.97
11/04/09,27.1,27.41,26.87,27.11,734400,27.11
11/03/09,26,26.95,25.96,26.87,463100,26.87
11/02/09,26,26.57,25.89,26.4,724700,26.4
10/30/09,26.79,26.88,25.94,26,716900,26
10/29/09,26.5,27.19,26.48,27.01,642300,27.01
10/28/09,26.63,26.75,26.05,26.06,723800,26.06
10/27/09,26.62,26.96,26.29,26.81,797500,26.81
10/26/09,27.32,27.6,26.34,26.52,937500,26.52
10/23/09,27.51,27.52,27,27.05,603000,27.05
10/22/09,27.3,27.51,27,27.44,1013000,27.44
10/21/09,26.48,27.76,26.48,27.37,1235100,27.37
10/20/09,26.99,27.04,26.45,26.7,910600,26.7
10/19/09,26.6,27.05,26.56,26.93,1346400,26.93
10/16/09,26.34,26.77,26.13,26.73,987900,26.73
10/15/09,25.59,26.5,25.45,26.36,1545000,26.36
10/14/09,25.41,25.57,25.25,25.5,615700,25.5
10/13/09,25.04,25.22,24.79,25.16,810700,25.16
10/12/09,24.93,25.03,24.78,24.82,743200,24.82
10/09/09,24.29,24.5,24.03,24.48,511200,24.48
10/08/09,23.51,24.59,23.47,24.17,1058100,24.17
10/07/09,24.11,24.22,23.33,23.66,888200,23.66
10/06/09,24.05,24.37,23.88,24.04,839200,24.04
10/05/09,23.35,24.03,23.03,23.81,797500,23.81
10/02/09,23.34,23.79,23.28,23.63,599800,23.63
10/01/09,23.92,24.08,23.4,23.83,1027700,23.83
09/30/09,22.79,23.94,22.41,23.8,1939000,23.8
09/29/09,22.49,22.77,22.29,22.58,756300,22.58
09/28/09,22.32,22.85,22.31,22.69,848200,22.69
09/25/09,22.3,22.69,22.14,22.36,1289500,22.36
09/24/09,23,23.02,22.2,22.36,2168900,22.36
09/23/09,24.27,24.27,23.13,23.13,2202600,23.13
09/22/09,24.3,24.42,24.06,24.39,722300,24.39
09/21/09,23.8,23.84,23.47,23.61,1088800,23.61
09/18/09,24.76,24.79,24.45,24.51,329000,24.51
09/17/09,24.57,24.96,24.57,24.73,613900,24.73
09/16/09,24.19,24.73,24.05,24.67,867700,24.67
09/15/09,23.7,24.26,23.39,24.19,1211100,24.19
09/14/09,23.4,23.71,23.38,23.55,682200,23.55
09/11/09,24.79,24.81,23.46,23.66,773400,23.66
09/10/09,24.34,24.7,24.18,24.62,402600,24.62
09/09/09,24.44,24.74,24.24,24.32,870500,24.32
09/08/09,24.04,24.5,23.82,24.33,953000,24.33
09/04/09,23.05,23.33,22.91,23.11,838200,23.11
09/03/09,23.37,23.48,23.08,23.26,566400,23.26
09/02/09,23.07,23.42,22.85,23.17,1056300,23.17
09/01/09,23.84,24.35,23.18,23.23,1014400,23.23
08/31/09,24.1,24.15,23.59,23.79,1253400,23.79
08/28/09,25.03,25.12,24.54,24.89,633600,24.89
08/27/09,24.14,24.9,23.85,24.87,1052500,24.87
08/26/09,24.27,24.5,24.14,24.41,606500,24.41
08/25/09,25.41,25.65,24.3,24.57,914500,24.57
08/24/09,25.48,25.59,25.29,25.3,873000,25.3
08/21/09,25.3,25.56,25.03,25.24,1368300,25.24
08/20/09,25.06,25.2,24.79,24.89,900100,24.89
08/19/09,23.94,25.41,23.94,25.14,1301800,25.14
08/18/09,23.28,24.42,23.27,24.28,985200,24.28
08/17/09,23.26,23.49,22.99,23.45,890700,23.45
08/14/09,24.85,24.85,23.64,23.77,1263100,23.77
08/13/09,24.87,25.08,24.57,24.93,958500,24.93
08/12/09,24.4,24.89,24.4,24.62,659800,24.62
08/11/09,24.57,24.62,24.13,24.3,1101300,24.3
08/10/09,25.03,25.12,24.67,24.91,853200,24.91
08/07/09,25.24,25.41,24.71,24.87,1012400,24.87
08/06/09,25.08,25.38,24.64,25.23,1122400,25.23
08/05/09,25.07,25.33,24.47,25.21,816000,25.21
08/04/09,24.89,25.25,24.77,25.05,767900,25.05
08/03/09,25,25.36,24.93,25,2560600,25
07/31/09,23.1,24.43,23.09,24.23,1054500,24.23
07/30/09,22.58,23.56,22.39,23.36,965900,23.36
07/29/09,22.99,23.01,21.91,22,1511700,22
07/28/09,23.57,23.74,23.29,23.56,858100,23.56
07/27/09,23.91,24.04,23.69,23.92,702100,23.92
07/24/09,23.49,23.89,23.34,23.87,452500,23.87
07/23/09,22.56,23.64,22.55,23.54,867100,23.54
07/22/09,22.39,23.03,22.32,22.91,929800,22.91
07/21/09,23.25,23.29,22.62,22.99,1251600,22.99
07/20/09,22.85,22.98,22.5,22.92,951900,22.92
07/17/09,22.23,22.74,22.23,22.51,761000,22.51
07/16/09,21.58,22.1,21.55,22.06,944500,22.06
07/15/09,21.59,22.04,21.39,21.98,1362200,21.98
07/14/09,21.56,21.62,20.95,21.02,942600,21.02
07/13/09,21,21.24,20.65,21.17,921100,21.17
07/10/09,21.03,21.31,20.86,21.17,1145300,21.17
07/09/09,21.56,21.57,21.02,21.44,1135800,21.44
07/08/09,22.03,22.08,21.26,21.33,1843200,21.33
07/07/09,22.67,22.74,22.14,22.17,1519700,22.17
07/06/09,22.8,23.06,22.65,22.84,1366500,22.84
07/02/09,23.91,23.95,23.7,23.75,1231800,23.75
07/01/09,25.55,25.67,24.46,24.69,1799300,24.69
06/30/09,25.44,25.6,24.6,25.03,1762900,25.03
06/29/09,25.1,25.69,25.1,25.51,1293600,25.51
06/26/09,25.01,25.03,24.55,24.76,922700,24.76
06/25/09,24.78,25.32,24.64,25.09,1179100,25.09
06/24/09,24.56,24.92,24.39,24.44,1170700,24.44
06/23/09,24.13,24.85,23.82,24.65,2007400,24.65
06/22/09,24.39,24.4,23.75,23.86,2691800,23.86
06/19/09,25.8,25.94,24.78,25.06,1532400,25.06
06/18/09,25.4,25.84,25.3,25.68,1254300,25.68
06/17/09,25.19,25.65,24.87,25.53,1698000,25.53
06/16/09,26.02,26.08,25.17,25.43,2372800,25.43
06/15/09,25.76,25.78,25.08,25.43,1989900,25.43
06/12/09,25.89,26.17,25.83,26.04,1644900,26.04
06/11/09,26.03,26.44,25.97,26.19,1468000,26.19
06/10/09,25.63,25.91,25.47,25.73,1122500,25.73
06/09/09,25.13,25.33,24.87,25.23,1097300,25.23
06/08/09,24.66,24.88,24.47,24.74,1173400,24.74
06/05/09,24.89,25.09,24.4,24.67,2036800,24.67
06/04/09,24.51,25.12,24.36,24.87,1926800,24.87
06/03/09,24.53,24.57,23.4,23.87,2605400,23.87
06/02/09,24.5,24.92,24.38,24.8,1290600,24.8
06/01/09,24.4,24.79,24.25,24.69,1618800,24.69
05/29/09,23.94,24,23.5,24,1727300,24
05/28/09,22.99,23.57,22.92,23.26,2312500,23.26
05/27/09,22.71,22.96,22.41,22.72,1582400,22.72
05/26/09,21.5,22.46,21.47,22.37,4135500,22.37
05/22/09,21.98,22.2,21.76,22.17,649900,22.17
05/21/09,21.78,22.1,21.53,21.94,1037700,21.94
05/20/09,22,22.38,21.96,22.26,1968600,22.26
05/19/09,21.52,21.7,21.16,21.54,973600,21.54
05/18/09,21.05,21.51,20.99,21.47,1402000,21.47
05/15/09,21,21.26,20.37,20.5,1587100,20.5
05/14/09,20.97,21.46,20.8,21.28,1437100,21.28
05/13/09,21.38,21.77,20.95,21.1,1948300,21.1
05/12/09,21.59,21.63,21.16,21.46,1603800,21.46
05/11/09,21.05,21.34,20.9,21.21,1694700,21.21
05/08/09,21.08,21.42,20.88,21.31,1917800,21.31
05/07/09,21.3,21.39,20.25,20.55,2652500,20.55
05/06/09,20.15,20.59,20.02,20.5,3156800,20.5
05/05/09,19.74,19.85,19.48,19.62,1201100,19.62
05/04/09,19.45,19.86,19.42,19.85,1782000,19.85
05/01/09,18.87,19.52,18.84,19.21,1755300,19.21
04/30/09,18.38,18.74,18.32,18.56,2233900,18.56
04/29/09,18.36,18.67,18.3,18.54,1202200,18.54
04/28/09,17.75,18.2,17.73,18.05,1127300,18.05
04/27/09,17.53,18.59,17.52,18.21,2795800,18.21
04/24/09,18.64,18.81,18.47,18.72,1745600,18.72
04/23/09,17.99,18.07,17.63,18.02,1353300,18.02
04/22/09,17.59,17.83,17.36,17.71,1863500,17.71
04/21/09,17.02,17.89,17,17.66,3105000,17.66
04/20/09,17.97,18.07,17.52,17.61,4673000,17.61
04/17/09,19.3,19.34,18.98,19.1,666600,19.1
04/16/09,19.17,19.2,18.87,18.99,954500,18.99
04/15/09,19,19.21,18.74,19.04,1432600,19.04
04/14/09,19.33,19.64,18.98,19.03,1367900,19.03
04/13/09,18.96,19.92,18.86,19.28,1925000,19.28
04/09/09,20,20.14,19.51,19.99,1386500,19.99
04/08/09,18.55,19.72,18.4,19.21,1687500,19.21
04/07/09,19.05,19.25,18.8,18.88,1615200,18.88
04/06/09,19.5,20,19.17,19.65,1297600,19.65
04/03/09,20,20.25,19.64,20.17,1292700,20.17
04/02/09,20.04,20.34,19.78,20.14,3540300,20.14
04/01/09,18.27,18.65,18.16,18.57,1958300,18.57
03/31/09,18.65,19.17,18.36,18.88,1305600,18.88
03/30/09,19.37,19.42,18.5,18.64,2339000,18.64
03/27/09,20.22,20.32,19.91,20.07,2385700,20.07
03/26/09,20.92,20.98,20.5,20.86,2123000,20.86
03/25/09,20.24,20.9,20,20.36,2493300,20.36
03/24/09,20.31,20.84,20.21,20.6,2030500,20.6
03/23/09,20,20.82,19.9,20.72,3108500,20.72
03/20/09,19.81,20.3,19.7,20.03,3084900,20.03
03/19/09,20,20.17,19.56,19.77,4367800,19.77
03/18/09,19.05,19.47,18.34,19.25,3037400,19.25
03/17/09,18.56,19.42,18.47,19.08,3076000,19.08
03/16/09,17.51,18.53,17.3,18.31,3423700,18.31
03/13/09,18.46,18.76,17.88,17.94,4344100,17.94
03/12/09,16.93,18.47,16.91,18.29,3526700,18.29
03/11/09,17.68,18.03,16.69,17.01,3320500,17.01
03/10/09,18.9,19,17.87,17.99,3434500,17.99
03/09/09,18.13,19.19,18.13,18.58,4305300,18.58
03/06/09,17.78,18.1,17.26,18.05,2655300,18.05
03/05/09,17.62,17.69,16.89,17.18,2574600,17.18
03/04/09,16.8,18.06,16.8,17.85,4475100,17.85
03/03/09,16.35,16.48,15.56,16.36,2627200,16.36
03/02/09,16.47,16.58,15.67,15.75,3698400,15.75
02/27/09,17,17.71,16.74,17.48,2824900,17.48
02/26/09,17.25,17.87,17.2,17.6,3964600,17.6
02/25/09,16.08,16.85,15.61,16.75,3227200,16.75
02/24/09,15.29,15.73,14.87,15.68,2405600,15.68
02/23/09,16.08,16.08,14.87,14.98,2555500,14.98
02/20/09,14.93,15.78,14.87,15.68,4687700,15.68
02/19/09,15.28,15.79,14.55,15.55,4289700,15.55
02/18/09,15.1,15.18,14.58,14.64,3444700,14.64
02/17/09,15.67,15.74,15.01,15.01,5116200,15.01
02/13/09,16.89,16.95,16.33,16.48,4130500,16.48
02/12/09,16.68,17.14,16.42,16.87,5901800,16.87
02/11/09,17.67,17.84,16.83,16.95,5058200,16.95
02/10/09,19.25,19.3,17.55,17.77,6681800,17.77
02/09/09,19.4,19.71,18.45,18.67,4290200,18.67
02/06/09,18.12,19.9,18.12,18.76,6713000,18.76
02/05/09,18.78,19.22,18.43,19.1,3766300,19.1
02/04/09,19.51,19.55,18.56,18.79,4285500,18.79
02/03/09,18.69,19.2,18.6,19.17,2632300,19.17
02/02/09,18.91,19.6,18.68,18.89,4162400,18.89
01/30/09,19.93,20.07,19.21,19.48,2332300,19.48
01/29/09,19.1,19.75,19,19.36,3138600,19.36
01/28/09,19.54,20.37,19.03,19.75,4384700,19.75
01/27/09,20.72,20.82,19.41,19.69,4327100,19.69
01/26/09,21.62,22.78,21.35,21.43,4570900,21.43
01/23/09,19.61,22,19.37,21.47,3777400,21.47
01/22/09,19.66,20.5,18.91,20.01,3345000,20.01
01/21/09,19.36,20.67,19.05,20.57,3226700,20.57
01/20/09,19.29,20.51,18.9,19.07,4021800,19.07
01/16/09,20.67,20.82,19.71,19.97,3812800,19.97
01/15/09,20.59,20.62,19.16,20.1,5494900,20.1
01/14/09,21,21.05,19.93,20.8,3328200,20.8
01/13/09,20.7,21.67,20.53,21.31,3310300,21.31
01/12/09,21.06,21.24,20.59,20.66,2773800,20.66
01/09/09,22.1,22.34,21.42,22.06,2530600,22.06
01/08/09,22.86,23.16,22,23,2631200,23
01/07/09,26.19,26.19,23.09,23.11,3100900,23.11
01/06/09,27.17,27.47,26.09,26.41,1994500,26.41
01/05/09,25.34,26.8,25.03,26.28,2118200,26.28
01/02/09,23.93,25.33,23.65,25.11,1629000,25.11
12/31/08,20.56,24.62,20.5,23.27,2203600,23.27
12/30/08,21.02,21.5,20.54,21.25,1232000,21.25
12/29/08,21.49,21.73,20.34,21.68,1577900,21.68
12/26/08,19.54,20.52,19.38,20.35,1291300,20.35
12/24/08,20.42,20.6,20.08,20.38,997700,20.38
12/23/08,21.72,21.85,20.47,21.14,1292700,21.14
12/22/08,23.68,23.68,21.55,21.58,2294300,21.58
12/19/08,22.83,23.51,22.52,23.38,2144000,23.38
12/18/08,24.09,24.12,22.66,23.13,2947200,23.13
12/17/08,25.77,26.21,24.2,24.7,1862400,24.7
12/16/08,26.54,26.98,25.04,25.76,967700,25.76
12/15/08,28.51,28.75,25.72,26.14,1172700,26.14
12/12/08,25.71,27.4,25.5,27.1,897500,27.1
12/11/08,26.47,28.23,26.02,27.35,1014400,27.35
12/10/08,25.57,26.4,24.15,25.28,932300,25.28
12/09/08,25.23,25.66,24.26,24.45,677600,24.45
12/08/08,25.5,25.94,24.61,25.44,968900,25.44
12/05/08,24.75,25.04,23.45,24.23,1007600,24.23
12/04/08,26.86,27.24,25.05,25.28,725300,25.28
12/03/08,27.38,27.78,26.81,27.23,732300,27.23
12/02/08,29,29.16,27.2,27.52,464500,27.52
12/01/08,30.4,30.4,28.62,28.68,460200,28.68
11/28/08,30.86,30.94,29.72,30.17,221700,30.17
11/26/08,30.46,31.89,29.35,31.81,377500,31.81
11/25/08,30.85,30.85,29.32,29.62,449700,29.62
11/24/08,30.68,32,29.21,31.59,312800,31.59
11/21/08,29.47,29.47,27.96,29.31,326800,29.31
11/20/08,30,30.3,28.16,28.34,598200,28.34
11/19/08,32.11,32.34,31.07,31.13,162300,31.13
11/18/08,32.5,32.73,31.57,31.87,180900,31.87
11/17/08,33.47,34.44,32.14,32.27,226100,32.27
11/14/08,33.56,34.18,32.82,33.25,229800,33.25
11/13/08,33.72,35.02,32.5,34.96,356300,34.96
11/12/08,34.1,34.37,32.89,32.91,283300,32.91
11/11/08,35.93,35.93,34.5,34.79,190500,34.79
11/10/08,38.74,38.74,35.25,36.77,319600,36.77
11/07/08,36.15,36.84,35.75,36.14,281900,36.14
11/06/08,37.67,37.85,35.57,36.1,515400,36.1
11/05/08,40.8,41.06,38.5,38.69,290100,38.69
11/04/08,39.25,42.48,38.97,41.41,603000,41.41
11/03/08,39.14,39.69,37.7,38.1,248900,38.1
10/31/08,38.33,40.55,37.6,40.26,188900,40.26
10/30/08,40.51,40.51,37.96,38.86,195600,38.86
10/29/08,39.24,40.88,38.95,40.15,246300,40.15
10/28/08,38.17,38.28,36.45,37.87,160000,37.87
10/27/08,37.2,38.82,36.75,36.75,360600,36.75
10/24/08,37.13,38.68,37.01,38.35,281200,38.35
10/23/08,40.1,41,39.6,40.87,316100,40.87
10/22/08,40.94,40.94,39.25,39.5,274800,39.5
10/21/08,42.87,43.26,41.6,42.42,239200,42.42
10/20/08,43.94,45.16,42.74,44.56,207200,44.56
10/17/08,42.04,44.16,41.7,42.79,212800,42.79
10/16/08,43.97,44.09,40.89,43.09,641900,43.09
10/15/08,45.27,45.43,44.12,44.22,298700,44.22
10/14/08,50.39,50.39,46.8,47.29,1736500,47.29
10/13/08,48.35,49.01,47.66,49.01,108600,49.01
10/10/08,47.01,49.35,45.89,47.81,520900,47.81
10/09/08,52.94,53.2,50.12,50.52,520100,50.52
10/08/08,52.19,54.11,51.13,52.77,780200,52.77
10/07/08,54.05,54.48,52.14,53.24,1698300,53.24
10/06/08,53.85,54.56,51.96,52.84,1122500,52.84
10/03/08,54.99,57,54.82,55.15,931200,55.15
10/02/08,57.56,57.56,55.56,55.71,696300,55.71
10/01/08,58.89,59.96,57,58.68,1006900,58.68
09/30/08,58.12,60.37,57.91,60.37,642800,60.37
09/29/08,60.53,60.55,56.48,56.81,1134600,56.81
09/26/08,62.12,63.86,62.12,63.71,466400,63.71
09/25/08,62.22,64.56,61.93,63.96,600500,63.96
09/24/08,64.98,65.1,62.34,62.52,821100,62.52
09/23/08,65,65.16,61.82,63.57,1199500,63.57
09/22/08,62.68,65.68,62.62,64.57,1107200,64.57
09/19/08,60.58,61.32,58.51,61.17,1209300,61.17
09/18/08,58.91,59.49,56.82,58.08,998000,58.08
09/17/08,55.5,57.69,54.09,57.21,1123200,57.21
09/16/08,54.12,55.69,53.7,55.04,1339200,55.04
09/15/08,56.88,58.2,55.92,55.99,945300,55.99
09/12/08,60.67,61.12,59.45,59.82,606700,59.82
09/11/08,61.17,61.17,59.5,60.05,1255300,60.05
09/10/08,61.52,62.36,60.26,61.28,463000,61.28
09/09/08,62.09,62.33,60.55,60.6,613100,60.6
09/08/08,64.48,64.56,62.31,63.28,540500,63.28
09/05/08,63.92,64.21,62.57,63.3,556100,63.3
09/04/08,65.01,65.21,63.39,64,621400,64
09/03/08,64.34,65.15,63.83,65.12,391700,65.12
09/02/08,64.12,65.76,64.02,65.62,1231800,65.62
08/29/08,70.35,70.41,68.53,68.83,488400,68.83
08/28/08,71.6,71.62,67.95,68.75,813600,68.75
08/27/08,70.87,71.1,69.58,70.48,652300,70.48
08/26/08,69.35,70.16,68.48,69.25,553600,69.25
08/25/08,68.2,68.8,67.67,68.62,492000,68.62
08/22/08,71.43,71.43,68,68.2,1043000,68.2
08/21/08,71.31,72.66,70.7,72.4,1357300,72.4
08/20/08,69,69.62,67.02,69.13,799300,69.13
08/19/08,67.1,69.42,66.65,68.62,801500,68.62
08/18/08,68.5,68.63,66.7,67.15,666200,67.15
08/15/08,67.34,67.92,66.32,67.81,532200,67.81
08/14/08,68.72,69.52,67.12,68.42,662100,68.42
08/13/08,67.59,69.84,67.46,69.25,911700,69.25
08/12/08,68.39,68.55,66.91,67.39,541100,67.39
08/11/08,68.66,69.02,67.18,68.32,630300,68.32
08/08/08,70.24,70.5,68.3,68.46,1168200,68.46
08/07/08,71.73,72.06,70.28,71.34,883100,71.34
08/06/08,71.05,71.66,69.76,70.51,789400,70.51
08/05/08,71.32,72.13,70.46,70.58,830900,70.58
08/04/08,73.99,74.82,71.21,72.21,1543600,72.21
08/01/08,73.54,76.56,73.54,74.49,1218200,74.49
07/31/08,75.55,75.55,73.13,73.85,897100,73.85
07/30/08,72.56,75.79,72.02,75.63,1049900,75.63
07/29/08,73.84,73.87,71.75,72.6,646400,72.6
07/28/08,73.68,74.38,73.1,74.31,765400,74.31
07/25/08,74.07,74.18,72.99,73.43,903200,73.43
07/24/08,74.49,75.32,73.55,74.75,1267100,74.75
07/23/08,75.51,76.63,73.78,73.98,1601900,73.98
07/22/08,77.59,77.93,75.3,76.14,2279400,76.14
07/21/08,77.65,79.09,76.94,78.92,937400,78.92
07/18/08,78.03,78.82,76.84,76.99,1341700,76.99
07/17/08,80.35,81.94,77.48,78.04,2611500,78.04
07/16/08,82.52,82.83,79.24,80.6,2173200,80.6
07/15/08,87.44,87.44,81.48,83.07,2795800,83.07
07/14/08,86.92,87.62,86.29,86.83,841300,86.83
07/11/08,87.59,88.15,85.55,86.9,1358000,86.9
07/10/08,82.4,84.99,81.68,84.43,975600,84.43
07/09/08,82.02,82.66,81.01,81.18,1005600,81.18
07/08/08,82.78,82.78,80.96,81.36,1228800,81.36
07/07/08,84.84,85.91,83.6,84.91,898800,84.91
07/03/08,86.52,86.76,85.78,86.56,1095800,86.56
07/02/08,84.31,86.3,84.08,86.26,1121600,86.26
07/01/08,85.72,85.78,83.93,84.59,860800,84.59
06/30/08,85.58,85.58,83.35,84.16,837200,84.16
06/27/08,84.36,85.6,83.71,84.19,1195400,84.19
06/26/08,82.1,83.98,82,83.64,856500,83.64
06/25/08,81.68,81.68,79.02,80.49,918900,80.49
06/24/08,81.73,82.59,81.32,81.94,475500,81.94
06/23/08,80.85,82.62,80.83,81.98,460300,81.98
06/20/08,80.97,82.16,80.27,80.79,879200,80.79
06/19/08,82,82,79,79.15,1170800,79.15
06/18/08,80.57,82.07,79.14,81.8,692900,81.8
06/17/08,80,81.16,79.86,80.24,651800,80.24
06/16/08,83.18,83.31,79.91,80.53,685000,80.53
06/13/08,80.68,81.54,80.2,80.96,1043200,80.96
06/12/08,80.09,82.52,79.12,82.18,1119400,82.18
06/11/08,80.19,82.92,80.1,82.06,1047800,82.06
06/10/08,81.5,82.41,78.55,79.19,1324300,79.19
06/09/08,81.56,82.59,79.87,80.83,905900,80.83
06/06/08,80.32,83.35,79.49,82.95,1713300,82.95
06/05/08,74.01,76.85,73.5,76.82,530900,76.82
06/04/08,73.96,74.72,72.98,73.14,551500,73.14
06/03/08,75.81,75.99,74.24,74.51,554000,74.51
06/02/08,76.56,77.53,75.29,76.55,599700,76.55
05/30/08,76.3,76.87,75,76.37,659300,76.37
05/29/08,77.44,79.77,75.61,75.9,855300,75.9
05/28/08,76.13,78.86,75.86,78.38,775000,78.38
05/27/08,78.18,78.41,76.81,77.05,785000,77.05
05/23/08,80.11,80.13,78.09,78.99,831800,78.99
05/22/08,80.15,80.3,78,78.47,1007200,78.47
05/21/08,77.61,80.25,77.11,80.18,612600,80.18
05/20/08,76.83,77.46,76.78,77.36,202300,77.36
05/19/08,76.01,76.25,74.99,76.24,269300,76.24
05/16/08,76.18,76.21,75.06,75.79,685600,75.79
05/15/08,75.56,75.56,72.28,74.23,1070800,74.23
05/14/08,74.97,75.15,74.1,74.11,1645700,74.11
05/13/08,74.16,75.88,74.06,75.35,585100,75.35
05/12/08,74.8,75.6,74.1,74.21,516700,74.21
05/09/08,75.38,75.59,74.57,75.5,387800,75.5
05/08/08,73.84,74.62,72.82,74.59,312000,74.59
05/07/08,73.06,74.12,72.17,74.03,334400,74.03
05/06/08,71.98,73.38,71.95,72.99,211100,72.99
05/05/08,70.68,71.93,70.64,71.81,114000,71.81
05/02/08,67.67,69.61,67.66,69.55,217000,69.55
05/01/08,67.4,67.52,66.02,67.12,280100,67.12
04/30/08,69.45,69.68,67.79,68.72,266000,68.72
04/29/08,69.81,70.15,68.84,68.94,151600,68.94
04/28/08,71.18,71.44,70.76,71.06,174500,71.06
04/25/08,70.46,71.45,70.24,70.87,257300,70.87
04/24/08,69.35,70.42,68.32,69.31,244800,69.31
04/23/08,70.1,70.9,69.69,70.72,257700,70.72
04/22/08,69.55,71.1,69.48,70.46,227100,70.46
04/21/08,69.37,69.87,68.8,69.83,129000,69.83
04/18/08,67.61,69.58,67.5,69.51,127700,69.51
04/17/08,68.59,68.73,68,68.42,86900,68.42
04/16/08,67.7,68.46,66.86,68.4,212300,68.4
04/15/08,67.5,67.8,67.34,67.8,149900,67.8
04/14/08,65.93,66.54,65.68,66.45,205900,66.45
04/11/08,65.01,65.74,64.82,65.67,116500,65.67
04/10/08,66.22,66.22,64.69,65.54,76100,65.54
04/09/08,64.73,66.5,64.55,65.91,127100,65.91
04/08/08,64.31,64.93,63.96,64.66,64800,64.66
04/07/08,64.06,65.01,64.06,64.73,82400,64.73
04/04/08,62.65,63.1,62.25,63.04,94300,63.04
04/03/08,61.54,63.22,61.39,61.95,191600,61.95
04/02/08,59.93,62.38,59.36,61.95,97800,61.95
04/01/08,59.36,60.84,59.18,60.01,176200,60.01
03/31/08,62.88,63.35,59.59,60.43,221700,60.43
03/28/08,63.11,63.12,62.27,62.45,138600,62.45
03/27/08,63.12,64.26,62.8,63.69,115600,63.69
03/26/08,60.82,63.16,60.77,62.89,217700,62.89
03/25/08,59.88,60.48,58.86,60.48,121000,60.48
03/24/08,60.19,60.74,59.33,59.71,291500,59.71
03/20/08,59.27,60.73,59.04,60.25,419200,60.25
03/19/08,62.77,63.24,60.68,60.72,298800,60.72
03/18/08,62.96,64.64,62.59,63.96,183600,63.96
03/17/08,62.5,63.68,60.49,62.09,473300,62.09
03/14/08,64.51,65.16,63.89,64.56,158100,64.56
03/13/08,64.99,65.19,63.96,64.74,126300,64.74
03/12/08,63.99,64.63,62.88,64.57,178400,64.57
03/11/08,63.5,63.95,62.64,63.75,108100,63.75
03/10/08,61.87,63.44,61.23,63.42,188100,63.42
03/07/08,61.64,62.41,61.06,62.35,224300,62.35
03/06/08,61.29,62.04,60.43,61.89,262300,61.89
03/05/08,59.56,61.5,59.47,61.28,208400,61.28
03/04/08,60.56,60.61,58.07,58.77,208400,58.77
03/03/08,60.7,61,59.64,60.22,131900,60.22
02/29/08,60.09,60.25,59.53,59.71,92200,59.71
02/28/08,59.06,60.4,58.91,60.19,167600,60.19
02/27/08,59.09,59.42,58.46,58.52,138400,58.52
02/26/08,58.14,59.36,58.01,59.32,193400,59.32
02/25/08,57.96,58.47,57.42,58.23,115200,58.23
02/22/08,58.03,58.25,57.13,58.02,134800,58.02
02/21/08,58.03,58.6,56.91,57.18,181500,57.18
02/20/08,57.78,59.09,57.56,58.55,155500,58.55
02/19/08,57.57,58.54,57.24,58.1,117600,58.1
02/15/08,56.5,56.61,55.53,56.06,40300,56.06
02/14/08,55.22,56.04,55.22,55.9,38600,55.9
02/13/08,54.33,55.05,54.08,54.78,26100,54.78
02/12/08,54.65,55.13,54.2,54.34,41400,54.34
02/11/08,54.14,55.5,53.35,54.89,176800,54.89
02/08/08,52.38,53.95,52.26,53.69,57600,53.69
02/07/08,50.72,51.77,50.7,51.77,134600,51.77
02/06/08,52.03,52.05,50.85,51.05,144200,51.05
02/05/08,51.78,52.12,51.36,51.71,85100,51.71
02/04/08,52.26,53.11,52.03,52.66,176400,52.66
02/01/08,53.31,53.38,51.89,52.16,221400,52.16
01/31/08,53.1,54.09,52.59,53.68,66900,53.68
01/30/08,54.06,54.24,53.5,53.93,49100,53.93
01/29/08,53.15,53.83,53.04,53.8,20500,53.8
01/28/08,52.58,53.53,52.06,53.4,53700,53.4
01/25/08,53.26,53.53,52.59,53.12,80600,53.12
01/24/08,51.52,52.57,51.11,52.45,104400,52.45
01/23/08,51.01,51.67,50.78,51.38,147900,51.38
01/22/08,50.62,52.39,50.62,52.2,78400,52.2
01/18/08,52.85,53.12,52.32,52.64,66200,52.64
01/17/08,53.4,53.57,52.14,52.38,110100,52.38
01/16/08,53.31,53.31,52.22,52.93,111600,52.93
01/15/08,54.16,54.16,53.3,53.74,68800,53.74
01/14/08,54.62,55.14,54.27,55,47200,55
01/11/08,54.37,54.55,53.79,54.1,62800,54.1
01/10/08,55.23,55.23,54.4,54.81,86900,54.81
01/09/08,56.08,57.02,55.7,55.83,25300,55.83
01/08/08,56.62,56.84,56.1,56.1,60700,56.1
01/07/08,57.4,57.4,55.16,55.56,59200,55.56
01/04/08,57.25,57.43,56.7,57.04,76200,57.04
01/03/08,58.18,58.33,57.47,57.79,163300,57.79
01/02/08,57.1,58.13,57.03,57.91,120300,57.91
12/31/07,56.24,56.4,55.26,56.15,311700,56.15
12/28/07,56.75,57,55.93,56.11,31100,56.11
12/27/07,56.45,57,56,56.41,88200,56.41
12/26/07,55.18,56.19,55.18,56.01,164000,56.01
12/24/07,54.03,54.54,53.93,54.54,9100,54.54
12/21/07,53.75,54.59,53.39,54.33,26300,54.33
12/20/07,53.05,53.54,52.98,53.09,22800,53.09
12/19/07,52.85,53.65,52.66,53.09,81600,53.09
12/18/07,52.81,54.28,51.98,52.53,92200,52.53
12/17/07,53.65,53.65,52.28,52.98,17600,52.98
12/14/07,53.5,53.65,52.89,53.3,24500,53.3
12/13/07,54.91,54.91,53.58,54.02,60700,54.02
12/12/07,53,55.27,52.9,54.64,79500,54.64
12/11/07,51.87,52.54,51.54,51.83,43900,51.83
12/10/07,51.8,52.16,50.65,51.27,35900,51.27
12/07/07,51.64,51.64,50.7,51.33,76400,51.33
12/06/07,50.7,52.71,50.66,52.56,92000,52.56
12/05/07,52.11,52.48,50.48,50.79,166300,50.79
12/04/07,51.24,51.37,50.84,51.32,78800,51.32
12/03/07,51.08,52.23,50.71,52.16,74700,52.16
11/30/07,51.85,52.8,51.37,51.53,109000,51.53
11/29/07,53.33,54.23,52.57,52.94,103900,52.94
11/28/07,55.12,55.16,52.5,53.19,142100,53.19
11/27/07,55.25,55.45,54.78,54.94,75500,54.94
11/26/07,57.66,57.66,56.09,56.55,46300,56.55
11/23/07,56.53,57.04,56.42,56.77,21400,56.77
11/21/07,56.04,57.45,56,56.48,148000,56.48
11/20/07,55.75,57.26,55.5,57.13,66400,57.13
11/19/07,54.85,55.08,54.14,55.02,47700,55.02
11/16/07,54.36,54.65,54.17,54.48,32800,54.48
11/15/07,53.43,53.7,52.61,53.48,43600,53.48
11/14/07,52.28,53.98,52.28,53.66,47500,53.66
11/13/07,53.69,53.73,51.72,52.42,200200,52.42
11/12/07,54.47,54.47,53.75,53.81,132100,53.81
11/09/07,54.6,55.6,54.54,55.25,91700,55.25
11/08/07,56.01,56.05,54.69,55.39,161300,55.39
11/07/07,56.06,56.36,54.35,55.2,407200,55.2
11/06/07,55.3,55.73,55,55.56,92200,55.56
11/05/07,54.04,55.11,53.94,54.45,79000,54.45
11/02/07,54.2,55.11,53.99,55.07,84700,55.07
11/01/07,54.04,54.18,52.93,53.29,232500,53.29
10/31/07,52.55,54.45,52.24,54.28,389600,54.28
10/30/07,52.92,53.06,51.54,51.59,86500,51.59
10/29/07,52.97,53.75,52.7,53.68,80000,53.68
10/26/07,52.8,52.8,52,52.66,73000,52.66
10/25/07,50.85,51.92,50.57,51.82,53300,51.82
10/24/07,48.91,50.28,48.68,50.28,106500,50.28
10/23/07,49.51,49.51,48.75,48.89,44400,48.89
10/22/07,49.26,49.81,48.8,49.17,152700,49.17
10/19/07,50,50.16,49.47,49.71,272200,49.71
10/18/07,49.83,50.58,49.6,50.44,116200,50.44
10/17/07,49.85,50.19,49.09,49.29,272700,49.29
10/16/07,49.25,49.79,48.83,49.45,130400,49.45
10/15/07,48.11,48.83,47.92,48.83,48000,48.83
10/12/07,47,47.52,46.91,47.36,27200,47.36
10/11/07,46.5,47.32,46.49,47,23400,47
10/10/07,45.36,46.16,45.33,46.13,19900,46.13
10/09/07,44.94,45.87,44.94,45.46,26500,45.46
10/08/07,45.45,45.45,44.47,44.76,37800,44.76
10/05/07,46.04,46.22,45.67,45.96,16200,45.96
10/04/07,45.16,46.35,44.95,46.26,98300,46.26
10/03/07,45.5,45.79,45.17,45.2,100600,45.2
10/02/07,45.01,45.5,44.76,45.5,74500,45.5
10/01/07,46,46.01,45.22,45.51,72100,45.51
09/28/07,47.36,47.4,46.14,46.32,62900,46.32
09/27/07,46.26,47.06,46.09,46.99,111400,46.99
09/26/07,45.5,46.18,44.5,45.62,84900,45.62
09/25/07,44.91,45.2,44.78,45.03,23400,45.03
09/24/07,45.97,46.2,45.6,45.62,31300,45.62
09/21/07,46.25,46.63,45.65,46.07,64700,46.07
09/20/07,45.7,46.36,45.49,46.26,30500,46.26
09/19/07,45.75,45.95,45.23,45.58,59200,45.58
09/18/07,44.9,45.88,44.69,45.72,88600,45.72
09/17/07,44.12,44.95,44,44.9,49500,44.9
09/14/07,44.45,44.74,44.06,44.23,59100,44.23
09/13/07,44.44,44.6,44.19,44.53,48400,44.53
09/12/07,43.76,44.5,43.65,44.42,62800,44.42
09/11/07,43,43.61,42.89,43.56,47600,43.56
09/10/07,42.05,43.63,42.05,43.6,49200,43.6
09/07/07,42.4,42.76,42.13,42.63,40700,42.63
09/06/07,42.6,43,41.97,42.52,52900,42.52
09/05/07,41.75,42.22,41.62,42.18,26000,42.18
09/04/07,41.21,41.84,41,41.73,26600,41.73
08/31/07,41.27,41.33,41.05,41.13,51100,41.13
08/30/07,40.8,41,40.49,40.84,23700,40.84
08/29/07,40.25,40.98,40.25,40.88,47700,40.88
08/28/07,40.09,40.17,39.62,39.8,38700,39.8
08/27/07,39.35,40.05,39.07,40.04,34900,40.04
08/24/07,38.83,39.6,38.83,39.55,32000,39.55
08/23/07,38.8,38.86,38.46,38.81,38900,38.81
08/22/07,38.95,39.02,38.17,38.5,121900,38.5
08/21/07,39.35,39.72,38.35,38.64,148200,38.64
08/20/07,39.29,39.5,38.71,39.34,92700,39.34
08/17/07,39.85,40.11,39.61,39.79,80000,39.79
08/16/07,39.7,39.81,38.9,39.5,61900,39.5
08/15/07,40.33,41.12,40.2,40.65,88300,40.65
08/14/07,40.06,40.06,39.59,40,26900,40
08/13/07,40.2,40.4,39.4,39.66,25000,39.66
08/10/07,38.85,39.63,38.78,39.62,39400,39.62
08/09/07,38.8,39.87,38.8,39.6,51900,39.6
08/08/07,39.9,40.42,39.86,39.94,60600,39.94
08/07/07,39.7,40.16,39.37,40.01,74600,40.01
08/06/07,41,41,39.61,39.84,85900,39.84
08/03/07,42.6,42.6,41.54,41.63,102200,41.63
08/02/07,42.25,42.78,42.25,42.5,116400,42.5
08/01/07,42.9,43.57,42.13,42.33,119500,42.33
07/31/07,42.58,43.25,42.4,43,54500,43
07/30/07,42.7,42.7,42.06,42.41,49700,42.41
07/27/07,41.66,42.6,41.63,42.54,50500,42.54
07/26/07,42.51,42.64,41.24,41.3,159600,41.3
07/25/07,40.8,42.05,40.64,42,66000,42
07/24/07,40.6,40.86,40.28,40.56,47600,40.56
07/23/07,41.34,41.44,41.15,41.39,37900,41.39
07/20/07,42.05,42.15,41.74,41.94,51600,41.94
07/19/07,41.83,42.05,41.47,42.05,38300,42.05
07/18/07,41.17,41.64,41.01,41.55,60500,41.55
07/17/07,41.35,41.55,40.66,40.91,51400,40.91
07/16/07,40.9,41.12,40.72,40.95,34200,40.95
07/13/07,40.6,40.99,40.51,40.92,37200,40.92
07/12/07,40.63,40.76,39.84,40.21,73200,40.21
07/11/07,40.2,40.38,40.04,40.16,16500,40.16
07/10/07,39.81,40.41,39.81,40.22,51800,40.22
07/09/07,40.15,40.35,39.76,39.88,26100,39.88
07/06/07,40.22,40.4,40.01,40.21,46700,40.21
07/05/07,39.93,40.02,39.2,39.74,88300,39.74
07/03/07,39.25,39.37,39.05,39.29,41000,39.29
07/02/07,38.74,39.39,38.56,39.34,90600,39.34
06/29/07,38.8,39.25,38.76,38.98,69300,38.98
06/28/07,38.6,38.95,38.45,38.5,76600,38.5
06/27/07,37.2,38.43,37.11,38.14,79600,38.14
06/26/07,37.95,37.95,37.42,37.55,56900,37.55
06/25/07,37.44,38.37,37.42,38.2,51000,38.2
06/22/07,38.2,38.4,38,38.23,187100,38.23
06/21/07,38.45,38.53,37.74,37.94,45100,37.94
06/20/07,38.35,38.43,37.43,37.97,247600,37.97
06/19/07,38.34,38.77,38.06,38.35,104200,38.35
06/18/07,37.8,38.45,37.65,38.33,53300,38.33
06/15/07,37.72,37.96,37.53,37.89,55700,37.89
06/14/07,37.2,37.73,37.2,37.58,139700,37.58
06/13/07,36.29,37.03,36.26,36.82,98400,36.82
06/12/07,36.5,36.6,36.22,36.29,81200,36.29
06/11/07,36.3,36.77,36.06,36.65,86300,36.65
06/08/07,36.5,36.91,35.97,36.06,251000,36.06
06/07/07,36.88,37.57,36.75,37.3,114200,37.3
06/06/07,36.57,36.92,36.42,36.78,135300,36.78
06/05/07,36.56,36.86,36.42,36.59,38200,36.59
06/04/07,36.3,37.06,36.24,36.81,131500,36.81
06/01/07,35.89,36.38,35.76,36.23,74000,36.23
05/31/07,35.15,35.79,34.81,35.79,210000,35.79
05/30/07,35.4,35.57,35.28,35.34,63600,35.34
05/29/07,35.8,35.8,34.85,35.31,218700,35.31
05/25/07,36.1,36.34,35.8,36.31,87200,36.31
05/24/07,36.5,36.62,35.57,35.8,98500,35.8
05/23/07,36.5,36.81,36.24,36.64,98400,36.64
05/22/07,37.05,37.05,36.43,36.55,96000,36.55
05/21/07,36.8,37.35,36.38,37.19,244700,37.19
05/18/07,36.8,36.97,36.55,36.65,159500,36.65
05/17/07,35.6,36.7,35.6,36.7,149300,36.7
05/16/07,35.65,35.67,35.17,35.53,198300,35.53
05/15/07,35.5,35.98,35.47,35.89,114500,35.89
05/14/07,35.85,35.85,35.39,35.5,68200,35.5
05/11/07,35.58,35.71,35.29,35.62,103700,35.62
05/10/07,35.55,35.62,35.02,35.35,69700,35.35
05/09/07,35.56,35.63,34.7,35.1,119500,35.1
05/08/07,35.23,35.69,35,35.55,93800,35.55
05/07/07,35,35.32,34.78,35.23,128100,35.23
05/04/07,36.15,36.19,35.25,35.34,408900,35.34
05/03/07,36.15,36.32,35.87,36.09,232400,36.09
05/02/07,36.75,36.75,36.05,36.32,154100,36.32
05/01/07,37.4,37.79,36.72,36.88,158800,36.88
04/30/07,37.8,38,37.45,37.5,103000,37.5
04/27/07,37.05,38.07,37,37.87,148700,37.87
04/26/07,37.4,37.92,37.04,37.25,206300,37.25
04/25/07,37.23,37.61,36.91,37.57,144800,37.57
04/24/07,37.5,37.79,36.64,36.87,202700,36.87
04/23/07,36.75,37.6,36.56,37.47,161200,37.47
04/20/07,36.12,36.64,36.05,36.55,62500,36.55
04/19/07,36.51,36.52,35.97,36.03,127500,36.03
04/18/07,36.59,36.88,36.24,36.69,188300,36.69
04/17/07,37.65,37.79,36.74,36.79,175400,36.79
04/16/07,37.7,37.8,37.11,37.45,138000,37.45
04/13/07,38.05,38.1,37.62,37.75,115800,37.75
04/12/07,37.35,37.85,37.15,37.77,72000,37.77
04/11/07,36.73,37.2,36.65,36.81,154800,36.81
04/10/07,36.8,37.05,36.71,36.82,112200,36.82
04/09/07,37.88,38.02,36.52,36.75,355400,36.75
04/05/07,38.41,38.47,37.87,37.99,130600,37.99
04/04/07,38.05,38.42,37.82,38.28,175700,38.28
04/03/07,38.75,38.75,38.04,38.32,227800,38.32
04/02/07,39.12,39.6,38.8,39.08,123100,39.08
03/30/07,39.15,39.6,38.9,39,220900,39
03/29/07,38.49,39.42,38.3,39.24,389400,39.24
03/28/07,38.13,38.63,37.79,37.95,245600,37.95
03/27/07,37.09,37.44,36.98,37.38,98800,37.38
03/26/07,37.56,37.56,37.02,37.37,158800,37.37
03/23/07,36.98,37.15,36.7,36.92,172700,36.92
03/22/07,36.14,36.66,36.04,36.62,148200,36.62
03/21/07,35.35,35.83,35.14,35.59,120300,35.59
03/20/07,35.5,35.67,35.11,35.39,146500,35.39
03/19/07,35.5,35.73,35.25,35.56,216600,35.56
03/16/07,35.87,36.13,34.94,35.32,154800,35.32
03/15/07,36.1,36.14,35.47,35.51,125600,35.51
03/14/07,35.81,36,35.5,35.88,179900,35.88
03/13/07,36.25,36.65,35.6,35.78,129600,35.78
03/12/07,36.38,36.41,35.67,36.07,123500,36.07
03/09/07,37.57,37.57,36.66,36.71,190000,36.71
03/08/07,37.88,37.88,37.32,37.57,115400,37.57
03/07/07,37.2,37.81,37.03,37.68,141500,37.68
03/06/07,36.83,37.03,36.52,36.95,86600,36.95
03/05/07,36.82,36.99,36.35,36.53,112000,36.53
03/02/07,37.85,37.98,37.39,37.52,100300,37.52
03/01/07,37.4,38,37.08,37.65,160400,37.65
02/28/07,37.2,37.76,36.78,37.62,187200,37.62
02/27/07,36.91,37.85,36.76,36.8,192400,36.8
02/26/07,37.35,37.58,37,37.46,93100,37.46
02/23/07,37.38,37.6,36.96,37.12,360200,37.12
02/22/07,36.65,37.29,36.43,36.99,148300,36.99
02/21/07,35.88,36.88,35.51,36.6,159100,36.6
02/20/07,35.4,35.84,35.18,35.78,110000,35.78
02/16/07,35.84,36.45,35.62,36.34,146400,36.34
02/15/07,35.7,36,34.76,35.57,218500,35.57
02/14/07,36.12,36.35,35.3,35.56,168600,35.56
02/13/07,36.7,36.7,35.74,36.3,101000,36.3
02/12/07,36.27,36.38,35.38,35.6,96100,35.6
02/09/07,36.82,37.34,36.58,36.75,214300,36.75
02/08/07,35.7,36.81,35.42,36.69,185400,36.69
02/07/07,36.46,36.75,35.23,35.53,230600,35.53
02/06/07,36.61,36.69,36,36.34,429500,36.34
02/05/07,36.6,36.85,35.98,36.19,657700,36.19
02/02/07,35.6,36.45,35.16,36.35,261700,36.35
02/01/07,35.61,36.17,35.15,35.27,252800,35.27
01/31/07,34.85,35.81,34.36,35.65,324700,35.65
01/30/07,33.4,35.08,33.4,34.89,327000,34.89
01/29/07,33.95,34.03,33.14,33.14,176400,33.14
01/26/07,33.65,34.12,33.65,34.07,200800,34.07
01/25/07,34.15,34.28,33.31,33.37,198600,33.37
01/24/07,33.5,34.08,33.01,33.95,443500,33.95
01/23/07,32.8,33.85,32.64,33.67,373000,33.67
01/22/07,33.15,33.55,32.07,32.35,520900,32.35
01/19/07,32.01,32.86,32,32.82,333500,32.82
01/18/07,32.85,32.96,31.39,31.78,797600,31.78
01/17/07,31.75,32.77,31.6,32.61,1242200,32.61
01/16/07,32.6,32.7,31.62,32.03,356100,32.03
01/12/07,32.53,33.2,32.32,32.96,325200,32.96
01/11/07,33.44,34.13,32.47,32.7,327200,32.7
01/10/07,34.37,34.42,33.44,33.44,204900,33.44
01/09/07,34.05,35.13,34,34.89,190500,34.89
01/08/07,36.05,36.12,34.5,35.1,242500,35.1
01/05/07,34.86,35.22,34.5,35.13,138500,35.13
01/04/07,35.65,35.89,34.7,34.88,225200,34.88
01/03/07,37.57,37.57,36.13,36.38,259400,36.38
12/29/06,37.57,38.26,37.34,38.06,139900,38.06
12/28/06,37.85,37.93,37.51,37.74,121300,37.74
12/27/06,37.94,38.11,37.64,37.71,135000,37.71
12/26/06,39.15,39.15,37.77,38,175000,38
12/22/06,39.2,39.22,38.79,38.91,40600,38.91
12/21/06,39.6,39.6,38.9,39.12,27700,39.12
12/20/06,39.67,39.97,39.49,39.63,143300,39.63
12/19/06,38.93,39.88,38.91,39.47,73400,39.47
12/18/06,39.58,39.6,39,39.1,71000,39.1
12/15/06,39.65,39.96,39.31,39.86,51300,39.86
12/14/06,39.25,39.56,39.16,39.45,65800,39.45
12/13/06,38.45,38.93,38.4,38.77,86200,38.77
12/12/06,38.93,39.17,38.38,38.5,106100,38.5
12/11/06,38.95,39.3,38.75,38.76,182200,38.76
12/08/06,40.05,40.19,39.23,39.31,172600,39.31
12/07/06,39.23,39.6,38.97,39.58,117300,39.58
12/06/06,39.4,39.84,39.18,39.4,103300,39.4
12/05/06,39.79,39.9,38.94,39.57,222300,39.57
12/04/06,39.77,39.77,39.23,39.5,129500,39.5
12/01/06,39.61,40.23,39.43,40.18,274800,40.18
11/30/06,39.77,40.25,39.65,39.83,226800,39.83
11/29/06,38.78,39.52,38.71,39.43,158600,39.43
11/28/06,38.42,38.6,38.17,38.48,138700,38.48
11/27/06,37.75,38.18,37.65,38.12,98400,38.12
11/24/06,37.77,37.96,37.67,37.75,36400,37.75
11/22/06,38,38.08,36.9,37.46,167300,37.46
11/21/06,37.45,38.06,37.39,37.95,73200,37.95
11/20/06,36.9,37.24,36.63,37.2,151300,37.2
11/17/06,36.8,37.25,36.75,37.16,133300,37.16
11/16/06,38.6,38.72,36.85,37.01,354900,37.01
11/15/06,38.17,38.7,38.13,38.32,219700,38.32
11/14/06,38.27,38.52,37.97,38.05,93800,38.05
11/13/06,38.44,38.63,38.08,38.2,59400,38.2
11/10/06,39.55,39.55,38.8,38.9,56300,38.9
11/09/06,39.55,39.79,39.44,39.78,59700,39.78
11/08/06,38.5,39.11,38.44,39,67700,39
11/07/06,39.05,39.12,38.3,38.42,15900,38.42
11/06/06,38.38,39.28,37.58,39.01,94100,39.01
11/03/06,37.99,38.49,37.92,38.42,46700,38.42
11/02/06,37.7,38.25,37.44,37.6,37000,37.6
11/01/06,38.05,38.57,37.62,38.03,103900,38.03
10/31/06,37.55,38.12,37.08,38.05,72700,38.05
10/30/06,38.8,38.82,37.88,37.92,74500,37.92
10/27/06,39.37,39.46,38.92,39.38,31100,39.38
10/26/06,39.96,39.98,39.01,39.17,106100,39.17
10/25/06,38.65,39.9,38.6,39.9,74200,39.9
10/24/06,38.05,38.64,37.98,38.52,20800,38.52
10/23/06,38.01,38.22,37.75,38.22,59200,38.22
10/20/06,39.45,39.45,38.36,38.5,165600,38.5
10/19/06,38.7,39.48,38.42,39.37,41900,39.37
10/18/06,39.22,39.63,38.3,38.54,37300,38.54
10/17/06,40.15,40.15,39.27,39.37,24700,39.37
10/16/06,39.05,39.92,38.82,39.85,55600,39.85
10/13/06,39.15,39.52,39.09,39.15,28200,39.15
10/12/06,38.5,38.89,38.45,38.82,27700,38.82
10/11/06,39.12,39.28,38.36,38.36,31300,38.36
10/10/06,39.6,39.73,39.02,39.09,36600,39.09
10/09/06,40.3,40.73,39.92,39.98,28400,39.98
10/06/06,39.89,40.03,39.25,39.9,74800,39.9
10/05/06,40.55,40.55,39.54,40.05,82100,40.05
10/04/06,39.31,39.7,38.5,39.65,141300,39.65
10/03/06,39.93,39.96,38.99,39,95100,39
10/02/06,41.6,41.73,40.53,40.55,26200,40.55
09/29/06,41.5,41.93,41,41.88,95400,41.88
09/28/06,41.95,42.59,41.55,41.55,218100,41.55
09/27/06,40.83,41.97,40,41.9,86500,41.9
09/26/06,40.7,41.14,40.29,40.68,142500,40.68
09/25/06,39.85,41.21,39.66,40.76,147500,40.76
09/22/06,41.19,41.27,40.07,40.08,54700,40.08
09/21/06,40.57,41,40.38,41,41600,41
09/20/06,40.85,41.33,40.34,40.4,104800,40.4
09/19/06,43,43.2,41.27,41.32,102900,41.32
09/18/06,42.75,43.2,42.23,42.79,120900,42.79
09/15/06,42.33,42.63,41.91,42.53,66800,42.53
09/14/06,43.19,43.26,42.43,42.64,68800,42.64
09/13/06,43.28,43.6,42.91,43.2,47600,43.2
09/12/06,44.18,44.28,43.01,43.05,70800,43.05
09/11/06,44.14,44.64,43.79,44.1,158400,44.1
09/08/06,45.36,45.36,44.59,44.73,155500,44.73
09/07/06,45.62,45.65,45.01,45.26,454200,45.26
09/06/06,45.89,46.27,45.52,45.64,200800,45.64
09/05/06,46.19,46.44,46.03,46.44,151100,46.44
09/01/06,47.38,47.49,46.55,46.7,102400,46.7
08/31/06,47.11,47.41,46.89,47.41,49700,47.41
08/30/06,47.08,47.43,46.36,47.42,74400,47.42
08/29/06,47.03,47.28,46.82,46.99,37700,46.99
08/28/06,48.02,48.02,47.33,47.48,22000,47.48
08/25/06,49.46,49.62,48.8,48.84,201300,48.84
08/24/06,48.24,48.9,48.13,48.9,109200,48.9
08/23/06,48.83,48.86,47.93,48.33,137900,48.33
08/22/06,49.35,49.43,49,49.23,27800,49.23
08/21/06,49.02,49.4,48.7,49.32,145500,49.32
08/18/06,48.54,48.56,47.85,48.44,149200,48.44
08/17/06,48.55,48.58,48,48.36,152200,48.36
8/16/06,49.72,49.79,49.11,49.19,184900,49.19
